00000100000000010000000011
00000000100001000000000000
00000000000000010000000011
00100100000000010000000011
00000000000000010000100011
00100100000000010000000011
00000000000000010000000011
01001000000000110000100011
00000000100001000000000000
00000100000000010000000011
00000100000000010000000011
00000000000000010000000011
00000100000000010000000011
00000100000000010000000011
01001000000000110000100011
00000000000000010000000011
00001000000000110000100011
00000010000000010001101011
00000000000000010000100011
00000000000000010000000011
00000000000000010000000011
00000000000000010000000011
00000000000000010000000011
00000000000000010000000011
00000100000000010000000011
00000000000000010000000011
00000100000000010000000011
00000100000000010000000011
00000000100100000000000000
00000000000000010000110011
00000000000000010000000011
00000000000000010000000011
00000000000000010000000011
00000000100100000000000000
00000000100001000000000000
00000000000000010000110011
00000000000000010000000011
00000000000000010000000011
00000000000000010000000011
00000100000000010000000011
00000000000000010000000011
00000000000000010000000011
00000000000000010000000011
00000000000000010000000011
01001000000000110000100011
00000000000000010000000011
01001000000000110100100011
00000000000000010000000011
00000000000000010000000011
00100100000000010000000011
00000000000000010000000011
00000010000000010000100011
00000000100001000000000000
00000100000000010000000011
00000000000000010000000011
00000000000000010000000011
10000000000000010000000011
01001000000000110000100011
00000000000000010000000011
00000000000000010000000011
00000100000000010000000011
00000000000000010000000011
00000000100100000000000000
00000000000000010000000011
00000000100001000000000000
00000100000000010000000011
00000100000000010000000011
00000000000000010000000011
00000000100001000000000000
00000100001000010000000011
00000000100001000000000000
00000000000000010000000011
00000100000000010000000011
00000000000000010000110011
00000010000000010000100011
00000000100001000000000000
00000100000000010000000011
00010000000000011000000000
01001000000000110000100011
00000000000000010000000011
00000000100100000000000000
00000010000000010000100011
00000010000000010001101011
01001000000000110000100011
00000000100001000010000000
00000100000000010000000011
01001000000000110000100011
00000100000000010000000011
00000000100100000000000000
01001000000000110100100011
00000000000000010000000011
00000000000000010000000011
00000000100100000000000000
00000000100001000000000000
00000000100001000000000000
00000000000000010000000011
00000000000000010000000011
00000000100100000000000000
01001000000000110000100011
01001000000000110000100011
00000100000000010000000011
00000000000000010000100011
00000000100001000000000000
00000100000000010000000011
00000000100100000000000000
00000100000000010000000011
01001000000000110100100011
01001000000000110000100011
00100100000000010000000011
00000100000000010000000011
00000100000000010000000011
00000100000000010000000011
00000100001000010000000011
00000010000000010001101111
00000010000000010001101111
00000000000000010000110011
00010000000000011000000000
00000010000010010000100011
00000100000000010000000011
00000000000000010000000011
00000100000000010000000011
00000000000000010000000011
00000000000000010000000011
00000000100001000000000000
00000000000000010000000011
00000000000000010000000011
00000000000000010000000011
00000000000000010000000011
01001000000000110000100011
00000100000000010000000011
00000000000000010000000011
00000100000000010000000011
00000100000000010000000011
00000000000000010000000011
00000000000000010000000011
00000000000000010000000011
00000000000000010000100011
10000000000000010000000011
00000100000000010000000011
00100100000000010000000011
00000000000000010000000011
00000000000000010000100011
00000000000000010000000011
00000100001000010000000011
00000000100001000000000000
00000000000000010000000011
00000100000000010000000011
00000010000000010000100011
00000100000000010000000011
00001000000000110000100011
00000000000000010000000011
00000100000000010000000011
00000000000000010000100011
00000100000000010000000011
00100100000000010000000011
00000000000000010000000011
00000000000000010000000011
00000000000000010000000011
00000000100001000000000000
00000000000000010000000011
00001001000000110000100011
00000100010000010000000011
00000100000000010000000011
00001000000000110000100011
00000000100001000000000000
00000000000000010000110011
00000000100100000000000000
00000000100100000000000000
00000100000000010000000011
00000000000000010000000011
00000000000000010000000011
00000100000000010000000011
00000000000000010000000011
10000000000000010000000011
00001000000000110000100011
01001000000000110100100011
00000100000000010000000011
00000000100000000000000000
00000000000000010000000011
00000000100001000000000000
01001000000000110000100011
00000000100100000000000000
00000000100001000000000000
00000100000000010000000011
00000100000000010000000011
01001000000000110000100011
00000000000000010000000011
00000100000000010000000011
00001000000000110000100011
00000010000000010000100011
00000000000000010000000011
01001000000000110000100011
00000100000000010000000011
00000100001000010000000011
00001000000000110000100011
00000100000000010000000011
00000000000000010000110011
00000100000000010000000011
00000000100001000000000000
00000100000000010000000011
