14.1416045342579 14.1416045342579 10.6012128246182 9.45971797727344 9.45971797727343
14.982929857722 14.982929857722 11.9029461767488 10.2174365428404 10.2174365428404
14.858782039997 14.858782039997 10.0509639742464 8.76306967910923 8.76306967910922
18.6482443659017 18.6482443659017 13.0363383313062 11.3768587793804 11.3768587793804
16.4196264535676 16.4196264535676 11.4028638851368 10.1933403833039 10.1933403833039
15.8911024825541 15.8911024825541 12.2210882219264 11.0671709780585 11.0671709780585
15.8609839434938 15.8609839434938 11.4870969546985 10.3539229105163 10.3539229105163
18.4198079187741 18.4198079187741 12.2736549609901 10.7261916525773 10.7261916525773
19.2367164796577 19.2367164796577 13.1570840426337 11.8789212944529 11.8789212944529
25.6650778127062 25.6650778127062 14.9171934939928 13.5394435045325 13.5394435045325
23.8364551312771 23.8364551312771 13.9129637131141 12.7700259387709 12.7700259387709
19.130910209793 19.130910209793 12.2319037488432 11.3542367679397 11.3542367679397
19.9744176778535 19.9744176778535 13.8422748657617 12.8402161626124 12.8402161626124
19.7172711451349 19.7172711451349 13.1777891055128 12.177290061436 12.1772900614361
24.8190084917255 24.8190084917255 15.6138054934907 14.4761173662079 14.476117366208
25.7095103336898 25.7095103336898 15.132722369688 13.5697604428267 13.5697604428267
21.4194162259873 21.4194162259873 15.7164771391479 13.9529607775817 13.9529607775817
20.5575948832117 20.5575948832117 17.2182974266975 15.4682577101197 15.4682577101197
23.9740031113381 23.9740031113381 21.7841755065961 18.8459821069017 18.8459821069017
25.5790008899917 25.5790008899917 22.636767534977 18.1574457481245 18.1574457481245
33.232779845392 33.232779845392 23.7937548642096 20.3267356186261 20.3267356186261
52.4104919138279 52.4104919138279 28.5336643117946 25.4318901654135 25.4318901654135
53.5112724770417 53.5112724770417 27.4078774056664 24.7221097190549 24.7221097190549
47.7756445240401 47.7756445240401 21.8391285964702 18.2347697277748 18.2347697277748
55.0623084964306 55.0623084964306 21.8084921348143 17.6378976479359 17.6378976479359
67.7537689110046 67.7537689110046 20.6144640314136 16.7146547542248 16.7146547542248
115.113715827571 115.113715827571 25.2641773063173 20.481474008311 20.481474008311
54.2444238855327 54.2444238855327 21.0323839040104 16.2025265960343 16.2025265960343
65.3824020897138 65.3824020897138 20.8087082223232 17.4364522131368 17.4364522131368
64.054080968784 64.054080968784 21.6037368058323 17.8614020120344 17.8614020120344
53.2296391509548 53.2296391509548 16.5165855870785 13.2340725079935 13.2340725079935
48.2253096039312 48.2253096039312 15.8919834270587 12.9207697198 12.9207697198
50.3971028793958 50.3971028793958 15.7853118416959 12.5381757013659 12.538175701366
39.7101687652503 39.7101687652503 16.2270347212528 13.9312390651672 13.9312390651672
39.7844631174797 39.7844631174797 15.0176189095112 12.7960547376162 12.7960547376162
NA NA NA NA NA
40.0074701323608 40.0074701323608 13.5477607630634 12.4190054384225 12.4190054384225
46.0292487105275 46.0292487105275 11.9436400305021 11.265612982365 11.2656129823649
34.9614393051914 34.9614393051914 9.7958965945941 9.22973462604118 9.22973462604118
NA NA NA NA NA
24.3199297554093 24.3199297554093 10.3909992405165 9.62265756699149 9.6226575669915
27.6713220419227 27.6713220419227 10.0151837903669 8.95257257920307 8.95257257920308
24.2699328419949 24.2699328419949 9.03257143695823 7.95329866398727 7.95329866398725
31.4421896359767 31.4421896359767 9.0893190323484 8.2823413653303 8.28234136533029
27.7043601763441 27.7043601763441 6.92859817618275 6.14428534103956 6.14428534103955
29.4971985632667 29.4971985632667 7.55322903395615 6.46174200995231 6.46174200995233
25.3664005838154 25.3664005838154 9.94444435559543 8.88631132696863 8.88631132696862
30.1131993107918 30.1131993107918 14.0575789834843 12.7694753753691 12.7694753753691
21.6667706601235 21.6667706601235 11.646940156129 10.3958124879534 10.3958124879534
18.8786998932392 18.8786998932392 10.5435987480452 9.56357580140369 9.56357580140367
19.79069916152 19.79069916152 17.896067740326 15.6863552824055 15.6863552824055
23.2941603048627 23.2941603048627 18.4341101300097 15.7368609545616 15.7368609545617
27.4425218254615 27.4425218254615 16.6206668345006 14.549936284892 14.549936284892
52.1704487662562 52.1704487662562 25.1637506699197 21.9514547059596 21.9514547059596
45.0372446708721 45.0372446708721 19.9311519555473 16.6145603172699 16.6145603172699
45.2302921482186 45.2302921482186 22.1987328731078 18.0550384057641 18.0550384057641
41.5678281361232 41.5678281361232 20.0588233843529 16.7904510569171 16.7904510569171
47.3088140360521 47.3088140360521 26.3120688755582 22.0675028939721 22.0675028939721
51.7058970718163 51.7058970718163 29.9996702173425 25.8375926780342 25.8375926780342
42.9910522607869 42.9910522607869 29.4268079885461 26.9767692204143 26.9767692204144
43.7490332260499 43.7490332260499 27.2619996938854 23.9659918729334 23.9659918729333
44.3499862533409 44.3499862533409 26.0166235760586 22.3700140958736 22.3700140958736
54.05948307028 54.05948307028 26.4222795049857 22.4074774336746 22.4074774336746
47.4100831198538 47.4100831198538 22.6448782512826 18.4291445951102 18.4291445951103
42.4108706546185 42.4108706546185 19.0619157391252 16.0142415313558 16.0142415313558
49.8612465515363 49.8612465515363 19.4271292248504 16.7108919042748 16.7108919042748
69.0984917923371 69.0984917923371 23.7114013654026 20.1493261650692 20.1493261650692
59.7408418039201 59.7408418039201 19.7583681658988 17.5354810199992 17.5354810199992
43.2616529946422 43.2616529946422 13.518309047608 12.1412809268516 12.1412809268517
46.9254218071517 46.9254218071517 16.6266095347532 14.668369702132 14.668369702132
38.0688551384555 38.0688551384555 14.1363198794213 12.6075352006479 12.6075352006479
NA NA NA NA NA
NA NA NA NA NA
31.2784215765622 31.2784215765622 12.6184831579998 11.2874400001602 11.2874400001602
35.573435294055 35.573435294055 14.0358868264022 12.4000240933791 12.4000240933791
30.753687504805 30.753687504805 12.9254174696278 11.0637957195885 11.0637957195884
24.4531525095018 24.4531525095018 11.4295375641458 10.1281629716958 10.1281629716958
23.1119832050983 23.1119832050983 10.4116767255025 9.11227763593266 9.11227763593264
21.3948016057025 21.3948016057025 12.7945931170538 10.8122055867833 10.8122055867833
21.0170501647179 21.0170501647179 10.6322481513703 9.29303522490333 9.29303522490336
23.7347742055792 23.7347742055793 10.636234135406 9.10255451773057 9.10255451773058
18.8657869637671 18.8657869637671 10.3203013708888 8.8938659421474 8.89386594214742
19.2179569871653 19.2179569871653 11.3578102078019 9.6179493470815 9.6179493470815
17.6592064427153 17.6592064427153 9.26594605494024 7.78938195676023 7.78938195676024
14.5138083389143 14.5138083389143 9.23043471173092 7.85068344214468 7.85068344214469
20.8194407872686 20.8194407872686 10.5669499079367 8.86963095140786 8.86963095140784
15.3410213807253 15.3410213807253 8.87478243212464 7.70879250397078 7.70879250397076
12.1766922077177 12.1766922077177 6.80469986258189 5.65864085972017 5.65864085972018
13.3294470373143 13.3294470373143 7.71114744018589 6.26978236010601 6.26978236010601
12.909110297684 12.909110297684 6.92379113883281 5.7114519597905 5.71145195979051
11.6017520533156 11.6017520533156 7.97981530951342 6.7939484072834 6.79394840728341
13.4476352157797 13.4476352157797 8.43410520507613 7.17151116443712 7.17151116443712
11.6710114152968 11.6710114152968 7.57241893606249 6.13219954905924 6.13219954905924
12.9679341837386 12.9679341837386 8.56277730937809 7.1286055949279 7.12860559492789
13.8811928513085 13.8811928513085 9.09456576017192 7.26242330342113 7.26242330342111
9.87929347519241 9.87929347519241 8.0889946941072 6.72921812556299 6.72921812556299
6.89711179459607 6.89711179459607 6.72935815717606 5.50319050542287 5.50319050542288
7.11155772295811 7.11155772295811 6.15250588135867 5.02322968118253 5.02322968118253
5.99609725906536 5.99609725906536 6.1950014577612 5.01288169675272 5.01288169675273
6.50313177749323 6.50313177749323 6.12435477313204 5.07051967928614 5.07051967928613
