313.031411698551 142.806695408258 41302.0696361355 41776.2612398314 78.1000875740631
328.531620004031 151.952383105408 41840.0732165207 42875.8958492388 78.5818757823429
351.060451666745 150.408904578416 41075.620185923 41526.7383572172 77.4777852230094
359.748125151967 162.76472970193 42314.574375 42518.6613488246 79.6428005452428
333.503236940829 152.678401122223 41576.4359375 42125.6623184214 78.6285687596409
319.695647279648 144.243704288082 41924.519375 42319.3161014331 79.3186297862894
336.444275606334 148.724875151504 41691.3809375 42412.3783073221 78.876643946957
331.596204941803 159.643191253026 42033.0921875 42949.322817828 79.1433790102069
328.842144734643 158.832669336866 42390.149375 43256.228164999 80.0970585949754
370.0250315144 181.421053458163 43117.689527027 43666.6832025675 81.4518893728821
351.03188708053 165.682557356943 42622.1462008141 43328.7982793245 80.7400663472362
325.778576028129 155.356209101468 42017.370625 42931.3621515269 79.8396337378064
323.4364871961 157.481777277518 42694.169375 43454.8603722609 81.0199655858499
294.579049884383 155.963395340811 42379.1771875 43151.5739916576 80.4401309133667
337.806322299015 171.427665088026 43380.03375 44423.988732094 82.1866912055386
337.982913847229 167.266419387786 43098.3334375 43958.9092940819 81.0724934795403
355.653259970388 163.250042634136 43359.63375 43727.74884232 81.4535025753796
328.247863829348 156.046451526843 43975.9171875 44074.0249894696 82.6507032197788
353.837636770838 172.288604061898 45481.0125 44924.0771087183 84.582132783995
363.917880280278 181.104031858372 45984.5216981132 45024.1751128873 83.864151805271
418.287384205071 195.516295928384 46434.7609375 45977.8818082319 85.2303541603799
538.589286147132 256.201423239507 47800.4621875 47435.0487598041 88.4952328828068
585.809351182344 262.1850168716 47609.8721875 46837.2974927185 88.082583113444
533.078762476418 250.260782694677 45781.3865625 44872.0811806805 84.1991575523897
600.162367348543 268.867451569364 45740.49375 45123.5760832116 83.6068482638655
648.219940187025 302.526259147885 45400.93375 44282.1671967603 82.9568914631946
967.305008068349 412.801786001488 46895.2740625 45516.4210363972 85.0862432004655
636.986681205927 275.981460652408 45575.79375 43954.1032059284 82.5833242869094
672.119203200812 298.494965567505 45502.79875 44579.2591171361 83.7059636081784
652.459528276835 299.03615556102 45884.238125 44963.3332204488 83.7267299108634
564.595174444767 274.122214407241 43973.03375 43616.0323054252 80.5634669260348
540.39344756947 263.903759820968 43621.0546875 43100.4697234559 80.708198198175
559.411811871744 273.781845290473 43735.51875 42909.0456535891 80.4115857522023
468.252562354575 241.114948150931 43803.3290625 43965.5092577665 81.3945555590342
480.204757312747 241.75478652654 43327.3459375 43354.2688853223 80.5278109137065
NA NA NA NA NA
510.230181515237 243.815944506181 42614.26625 43356.8874910416 80.5626120609989
543.16127556734 261.407705610567 41909.8290625 42876.2016478725 79.5900506802196
518.986683082474 230.139939080453 40990.8990625 42047.5232430519 77.9615897686351
NA NA NA NA NA
496.942123405609 208.568136335612 41210.01375 42353.7414894705 78.2041284844629
551.666202074054 221.66205923082 41094.63125 41896.5521160411 77.4628303656511
479.180614479381 208.213788748121 40621.91625 41452.2116016338 76.6698711884215
555.174392675518 234.20377486506 40658.0096875 41639.8344338953 76.794475746413
536.063804440277 220.118875102674 39546.4434375 40502.8990946992 74.8222871504046
514.866669208048 225.084965977736 39886.3534375 40482.0489194459 75.003404944726
531.263402535792 211.231755481912 40996.2434375 41902.0388597972 77.3973594907893
598.562045211692 233.863024539521 42832.44625 43100.9703520296 80.3432002879123
510.701880631845 203.362569465563 41772.9221875 42077.0618808297 78.7261761992038
472.92833210437 191.180593156496 41293.7253125 41849.1368774585 77.9251956053813
489.301507316854 191.507971576831 44169.1584375 43627.3023233027 82.1081564605197
410.140142726813 195.803092472781 44353.2328125 43823.5230638223 82.0471951172619
445.158352433597 209.125098648604 43804.1478125 43686.2363521273 81.4365848888855
649.322945974255 282.116472510319 46831.910625 46280.5199187406 85.8743402954311
547.356990295664 267.807709074007 45222.7578125 44304.2760378673 82.7016328792037
556.521172234798 263.124268998481 46081.3709375 44601.0435673814 83.8073723790207
571.078892454923 256.979552264634 45280.934375 44126.3507536871 82.8207466335733
490.848302041087 251.734619973733 47320.6484375 45969.8673989143 85.7484548511838
516.964764806628 260.858623560968 48352.7125 47120.679903089 87.7071313456486
497.439218451081 237.826516990829 48296.5709375 47371.9921820502 88.8198960055435
492.539761131338 238.292274883299 47829.60375 46950.8715040215 87.2103290304494
501.515573318791 241.461580284712 47436.410625 46611.8047553295 86.3194643071188
561.406066399806 268.26422245467 47441.993125 46145.8970746424 86.2994368378189
525.993788945843 253.539560234638 46515.5921875 45019.8459239891 84.2182542651705
514.049471820553 236.410179949336 45053.7859375 44143.5950050331 82.5550197312522
552.418938280271 257.506098669973 45301.3721875 44601.7349026257 83.2778532505804
591.973825811351 301.768191196832 46624.8209375 45741.4893298385 85.17879082216
553.807024223831 272.348744911205 45356.82 45003.2802131187 84.1318784453394
470.257220148576 226.964689928611 42873.1940625 42783.4524831677 80.1075596863673
476.446670016032 240.934444858875 44204.0833333333 44045.3768438015 82.2298358921714
431.212650907494 218.158810816431 43174.3190625 43194.3812041811 80.7307395886185
NA NA NA NA NA
NA NA NA NA NA
389.795419793158 200.636663690344 42562.9628125 43003.7697154179 79.7267248795233
409.417126434967 216.166668568336 43188.7559375 43023.3336557508 80.7173130912494
376.85967123968 196.691683095808 42599.435625 42775.2512623433 79.3093847746159
343.231937964422 171.340873506475 41922.4334375 42315.4032379272 78.5498671753425
329.244493863373 168.273069095497 41483.8921875 41544.6694125102 77.7314692920735
306.071021401173 160.904312946486 42592.5278125 42217.6472095073 79.2429349819066
306.688718300046 159.955064553724 41526.1253125 41776.9994796635 77.7274132291031
322.405282300269 165.705311658125 41663.2871875 41592.5654123425 77.9077452515798
293.46612021599 151.935044309209 41435.9965625 41533.7709045421 77.5619625724212
282.241036692087 153.613335148791 41905.3146875 41627.8070876419 78.1722094274772
280.344509679466 148.199589894272 40938.528125 40972.3009683059 76.4819327483366
240.371545957665 134.479082885158 41002.0990625 40624.1482714208 76.7337970632474
285.39664325067 156.589790772676 41549.595 41001.2426700081 77.5541595745504
257.226826623812 138.203148910847 40711.6521875 40947.4779580882 76.4073594442112
230.714672964232 127.079166599659 39651.1040625 39591.5318488462 74.3480052996059
247.604077346934 129.305148800846 40097.995625 39801.0906470644 74.9033455080038
239.517708471283 130.835148648012 39719.8478125 39551.3718217427 74.5147411302714
228.325162915918 120.7760298074 40221.5546875 40223.986953383 75.438497707921
262.275471818187 131.208375109561 40413.3690625 40375.0819681165 75.7079979934619
230.617771490784 125.517940922458 40077.5946875 39751.7605661094 74.8604727969737
257.174339885632 130.135601233714 40662.1534375 40202.5885108208 76.0127756049704
274.93784428831 136.73495817545 40895.8828125 40895.4167583779 75.9331357295425
237.20154312093 118.989360627994 40338.6403125 40344.6079181502 75.3631670757848
218.673701103486 107.695118422383 39697.0103125 39863.6325241595 74.2529986337746
221.47153564579 109.051412665358 39390.3096875 39395.5292644644 73.803454665255
198.527728366797 104.604983254381 39440.653125 39335.5061010586 73.8095566154415
218.669208282823 103.140264689451 39320.6971875 39278.4352920546 73.7983880078556
