0.00824954368784225 0.00824954368784226 0.0021064607753435 0.00208301662742429 0.00208301662742429
0.00896581439527512 0.00896581439527512 0.00211674900774383 0.00208876378041491 0.00208876378041491
0.00893424480424215 0.00893424480424215 0.00209439498624644 0.0020709492920996 0.0020709492920996
0.00951973167014194 0.00951973167014194 0.00212073834556448 0.00209565634107984 0.00209565634107984
0.00862888196294858 0.00862888196294858 0.0021114481645865 0.00208806959482219 0.00208806959482219
0.00840546001982404 0.00840546001982404 0.00212274268918398 0.00209890227665163 0.00209890227665163
0.00870054108149706 0.00870054108149706 0.00211762704770836 0.00209433889528722 0.00209433889528722
0.00911608381240426 0.00911608381240426 0.00211235431721532 0.00208620507631118 0.00208620507631118
0.00900511567083456 0.00900511567083456 0.00212791101070024 0.00210262445648635 0.00210262445648635
0.00996791238297356 0.00996791238297356 0.00213077245776646 0.00210548106148796 0.00210548106148796
0.00936372016541957 0.00936372016541956 0.00212004414104367 0.00209622938774191 0.00209622938774191
0.00877737414077124 0.00877737414077124 0.00211175546746309 0.00209072167164426 0.00209072167164426
0.00889295481776092 0.00889295481776092 0.0021320285970509 0.0021096301598805 0.0021096301598805
0.00862167772040266 0.00862167772040266 0.00211859366436211 0.00209744300468523 0.00209744300468523
0.00966580146953472 0.00966580146953472 0.00213412533099126 0.00210949054183906 0.00210949054183906
0.00964052918657065 0.00964052918657064 0.00212248050724622 0.00209373762238624 0.00209373762238624
0.00926371016598505 0.00926371016598505 0.00213937520992538 0.00210982768406483 0.00210982768406483
0.0090622145132292 0.0090622145132292 0.00215517391684699 0.00212418765685704 0.00212418765685704
0.00976886174859645 0.00976886174859645 0.00219782172135248 0.00215925454017021 0.00215925454017021
0.0104091114304858 0.0104091114304858 0.00219812918346854 0.00214476701653728 0.00214476701653729
0.0112578638483044 0.0112578638483044 0.00219889665722326 0.00214607262517593 0.00214607262517593
0.0143086680979755 0.0143086680979755 0.00218689100121594 0.0021427159238219 0.0021427159238219
0.0145898756093187 0.0145898756093187 0.00218031437211933 0.00213426820392161 0.00213426820392161
0.0136135185522229 0.0136135185522229 0.00215385561190041 0.00210957922187496 0.00210957922187496
0.0147963189926452 0.0147963189926451 0.00215872970978153 0.00211210507553534 0.00211210507553534
0.0163747898875194 0.0163747898875194 0.00214356351830914 0.00209534262495027 0.00209534262495027
0.0222288123520558 0.0222288123520558 0.00215563303209037 0.00210222124339865 0.00210222124339865
0.0156080533633013 0.0156080533633013 0.00214636343812407 0.00209586152114418 0.00209586152114418
0.0162591467831148 0.0162591467831148 0.00213795545399849 0.00209487805123705 0.00209487805123705
0.0163063727853889 0.0163063727853889 0.00215807538497651 0.00210701702360949 0.00210701702360949
0.0148198394636034 0.0148198394636034 0.00212364612461911 0.0020819691077908 0.0020819691077908
0.0140371157691604 0.0140371157691604 0.00212138369611202 0.00208781113596847 0.00208781113596847
0.0145958910525786 0.0145958910525786 0.00214090427156523 0.0021049135787991 0.0021049135787991
0.0127400748188608 0.0127400748188608 0.00216134344847109 0.0021259766867661 0.0021259766867661
0.0131001251124276 0.0131001251124276 0.00213689898525858 0.00210264501277821 0.00210264501277821
NA NA NA NA NA
0.0128945269174281 0.0128945269174281 0.00210722941506414 0.00208407809168342 0.00208407809168342
0.0134874697370572 0.0134874697370572 0.00208721141203317 0.00206706969860081 0.00206706969860081
0.0123388586460627 0.0123388586460627 0.00207729761346946 0.00205959136962448 0.00205959136962448
NA NA NA NA NA
0.0114609419732814 0.0114609419732814 0.00210220692175522 0.00208297994461369 0.00208297994461369
0.0121657569159235 0.0121657569159235 0.00208952365226733 0.00206578180189402 0.00206578180189402
0.0116452093101387 0.0116452093101387 0.00206954816668926 0.00204911672353701 0.00204911672353701
0.0126681979397419 0.0126681979397419 0.00207126985403143 0.00204925697719809 0.00204925697719809
0.0122166262601875 0.0122166262601875 0.00203605178865151 0.00201862589043089 0.00201862589043089
0.0124109092583503 0.0124109092583503 0.00203323071222721 0.00201273802234651 0.00201273802234651
0.0119673290044428 0.0119673290044428 0.00207040738353536 0.00204855980412283 0.00204855980412283
0.0128866335180125 0.0128866335180125 0.00213723630778654 0.00210366567918838 0.00210366567918838
0.011717607319031 0.011717607319031 0.00210738347598508 0.00208178172060896 0.00208178172060896
0.0111675105077088 0.0111675105077088 0.00211508040229288 0.00208893013469469 0.00208893013469469
0.0116481785108256 0.0116481785108256 0.00219343508291879 0.00215117096446442 0.00215117096446442
0.0114747330055431 0.0114747330055431 0.00219962960964568 0.00215250662663363 0.00215250662663363
0.0119149654056381 0.0119149654056381 0.00216866819371493 0.00212693721674736 0.00212693721674737
0.01570847618232 0.01570847618232 0.00222067004498272 0.00216230872003143 0.00216230872003143
0.0147300104972366 0.0147300104972366 0.00218673948504934 0.00213374048998365 0.00213374048998365
0.0149391976589224 0.0149391976589224 0.00220349166343131 0.00214661776171521 0.00214661776171521
0.01458481713774 0.01458481713774 0.00219676728903278 0.00214227584519699 0.00214227584519699
0.0147771001675836 0.0147771001675836 0.00223327162977496 0.00216613831635361 0.00216613831635361
0.0155867330831655 0.0155867330831655 0.00226409776333591 0.00219717750456782 0.00219717750456782
0.014143235838006 0.014143235838006 0.00226403547057869 0.00220163978227955 0.00220163978227955
0.0139130289789802 0.0139130289789802 0.00223689441433321 0.00217465200189034 0.00217465200189034
0.0143494624683743 0.0143494624683743 0.00220664969080094 0.0021444150634883 0.0021444150634883
0.0158992958174997 0.0158992958174997 0.00221483034687581 0.00215540349554348 0.00215540349554348
0.0149737981419303 0.0149737981419303 0.0021961188119909 0.00213999431741292 0.00213999431741292
0.0140178159094602 0.0140178159094602 0.00215576156370601 0.00210855148349384 0.00210855148349384
0.0153889692590724 0.0153889692590724 0.00216027412661898 0.00211448007701643 0.00211448007701643
0.0174622507434168 0.0174622507434168 0.00215895192744666 0.00210989064701132 0.00210989064701132
0.0159958067395996 0.0159958067395996 0.00212595935132336 0.0020883805039517 0.0020883805039517
0.0135414035384182 0.0135414035384182 0.00208524158487731 0.00205434852263914 0.00205434852263914
0.0141673357275918 0.0141673357275918 0.00211509595970827 0.00208019207191724 0.00208019207191724
0.0126135093583113 0.0126135093583113 0.00210279630442157 0.00207089040046307 0.00207089040046307
NA NA NA NA NA
NA NA NA NA NA
0.0114593593747579 0.0114593593747579 0.00209956713674422 0.00206867069291617 0.00206867069291617
0.0118850149071885 0.0118850149071885 0.00209574594609869 0.00206506565486532 0.00206506565486532
0.0110987886429619 0.0110987886429619 0.00208990814250019 0.00205706846995618 0.00205706846995618
0.00986072438060943 0.00986072438060943 0.00208371244616634 0.00205293922957977 0.00205293922957977
0.00954182525011958 0.00954182525011958 0.00208205191360844 0.00205235906502354 0.00205235906502354
0.00921202593994737 0.00921202593994737 0.00211332833293184 0.00207665341456732 0.00207665341456732
0.0090451570386071 0.0090451570386071 0.00209489706957972 0.00206414840598687 0.00206414840598687
0.00950864252177347 0.00950864252177347 0.00208329359941363 0.00205382547720244 0.00205382547720244
0.00876065981825921 0.00876065981825921 0.00208488251344213 0.00205433720329565 0.00205433720329565
0.00871880614539841 0.00871880614539841 0.00210644339852916 0.00207374453567786 0.00207374453567786
0.00838252199220852 0.00838252199220852 0.00208603876272645 0.00205516706558197 0.00205516706558197
0.00783289255170355 0.00783289255170355 0.00208883405965294 0.00205909710350111 0.00205909710350111
0.00888289686385824 0.00888289686385824 0.00209244669135913 0.002061373369691 0.002061373369691
0.00797257445919558 0.00797257445919558 0.00208236601012593 0.00205347469891095 0.00205347469891095
0.00711525561772829 0.00711525561772829 0.00205660295586546 0.00202939242494346 0.00202939242494346
0.00744797869186786 0.00744797869186786 0.00206352309043283 0.00203446971551952 0.00203446971551952
0.007425211130445 0.00742521113044501 0.00205284139634463 0.00202839373948913 0.00202839373948913
0.00693097259073049 0.00693097259073049 0.0020836560961938 0.00205448304108041 0.00205448304108041
0.00757494383118035 0.00757494383118035 0.00207424431374986 0.00204492736484538 0.00204492736484538
0.00718107892698464 0.00718107892698464 0.00206888734842523 0.00204035804047648 0.00204035804047648
0.00747973029282939 0.0074797302928294 0.00208449026798325 0.00205431717197285 0.00205431717197285
0.0078773287463382 0.00787732874633819 0.00208442019677124 0.00205123251782858 0.00205123251782858
0.00684204347752995 0.00684204347752995 0.00208870625631398 0.00205656258447017 0.00205656258447017
0.0062338501204686 0.0062338501204686 0.00207418387737062 0.00204527280542928 0.00204527280542928
0.00622072510218093 0.00622072510218093 0.00206150616201907 0.0020338563556639 0.0020338563556639
0.00591874032898016 0.00591874032898016 0.00207088890462852 0.00204206520229581 0.00204206520229581
0.00594225315912064 0.00594225315912064 0.00206835875411561 0.00204122823591769 0.00204122823591769
