10.7 10.13 0 1 0 0 0 0 0 0 1 0 0 0 0 0 0 0
11.63 10.61 0 1 0 0 0 0 0 0 0 0 0 0 0 0 0 0
11.78 9.58 0 2 0 0 0 0 0 0 0 0 0 0 0 0 0 0
10.46 9.4 0 0 0 0 0 0 0 0 0 0 0 0 0 0 0 0
10.6 8.86 1 0 0 0 0 1 0 0 0 0 1 0 0 0 1 0
10.02 10.1 1 1 0 0 0 1 0 0 0 0 1 0 0 0 1 0
10.7 10.33 0 0 0 0 0 0 0 0 0 0 0 0 0 0 0 0
10.78 8.43 0 0 0 0 0 0 0 0 0 0 0 0 0 0 0 0
8.82 11.28 0 0 0 0 0 0 0 0 0 0 0 0 0 0 0 0
9.57 10.15 0 0 0 0 0 0 1 0 0 0 0 0 0 0 0 0
9.95 9.19 0 1 0 0 0 0 0 0 0 0 0 0 0 0 0 0
8.23 9.55 0 0 0 0 0 0 0 0 0 0 0 0 0 0 0 0
9.62 11.04 0 0 0 0 0 0 0 0 0 0 0 0 0 0 0 0
10.27 11.21 0 0 0 0 0 0 0 0 0 0 0 0 0 0 0 0
9.84 9.42 0 2 0 0 0 0 0 0 0 0 0 0 0 0 0 0
8.87 10.14 1 1 0 0 0 1 0 0 0 0 1 0 0 0 1 0
11.49 8.39 0 1 0 0 0 0 0 0 0 0 0 0 0 0 0 0
9.18 11.71 0 1 1 0 1 0 0 0 0 1 0 0 0 0 0 0
9.8 8.53 1 0 0 0 0 1 0 0 0 0 1 0 0 0 1 0
10.3 9.28 0 0 0 0 0 0 0 0 0 0 0 0 0 0 0 0
8.93 11.12 0 2 0 0 0 0 0 0 0 0 0 0 0 0 0 0
9.4 10.16 0 2 0 0 0 0 0 0 0 0 0 0 0 0 0 0
9.99 9.92 0 0 0 0 0 0 1 0 0 0 0 0 0 0 0 0
10.47 11.54 0 0 0 0 0 0 0 0 0 0 0 0 0 0 0 0
11.51 12.05 0 1 0 0 0 0 0 0 0 0 0 1 0 1 0 0
9.15 10.87 1 0 0 0 0 1 0 0 0 0 1 0 0 0 1 0
10.28 9.52 0 1 0 0 0 0 0 0 0 0 0 0 0 0 0 0
9.7 10.24 0 0 0 0 0 0 0 0 0 0 0 0 0 0 0 0
11.17 9.76 0 0 0 0 0 0 0 0 0 0 0 0 0 0 0 0
10.13 11.42 0 0 0 1 0 0 0 0 0 0 0 0 0 0 0 0
10.53 11.05 0 1 0 0 1 0 0 0 0 1 0 0 0 0 0 0
10.14 9.28 0 1 0 0 0 0 0 0 0 0 0 0 0 0 0 0
10.38 8.81 1 0 0 0 0 1 0 0 0 0 1 0 0 0 1 0
9.86 8.97 0 1 0 0 0 0 0 0 0 0 0 0 0 0 0 0
10.74 11.03 1 0 0 0 0 1 0 0 0 0 1 0 1 0 1 0
10.32 10.7 0 0 0 0 0 0 0 0 0 0 0 0 0 0 0 0
11.16 8.96 0 0 0 0 0 0 0 0 0 0 0 0 0 0 0 0
10.54 9.54 1 0 0 0 0 1 0 0 0 0 1 0 0 0 1 0
10.64 11.35 0 1 0 0 0 0 0 0 0 0 0 0 0 0 0 1
8.95 12.31 0 0 0 0 0 0 0 0 0 0 0 0 0 0 0 0
10.52 11.37 0 1 0 0 0 0 0 0 0 0 0 1 0 0 0 0
10.29 9.86 0 1 0 0 0 0 0 0 0 0 0 0 0 0 0 0
10.44 10.08 1 0 0 0 0 1 0 0 0 0 1 0 0 0 1 0
9.79 10.1 0 1 0 0 1 0 0 0 0 1 0 0 0 0 0 0
11.41 10.65 1 1 0 0 1 1 0 0 0 1 1 0 0 0 1 0
9.8 11.76 0 1 0 0 0 0 0 0 0 0 0 0 0 0 0 0
9.47 12.63 1 0 0 0 0 1 0 0 0 0 1 0 0 0 1 0
10.5 9.41 0 2 0 0 0 0 0 0 0 0 0 0 0 0 0 1
10.37 11.18 0 1 0 0 0 0 0 0 0 0 0 0 0 0 0 0
8.41 9.86 0 0 0 0 0 0 0 0 0 0 0 0 0 0 0 0
9.58 8.67 0 0 0 0 0 0 0 0 0 0 0 0 0 0 0 0
9.24 10.77 0 0 0 0 0 0 0 0 0 0 0 0 0 0 0 0
9.55 9.85 0 1 0 0 0 0 0 0 1 0 0 0 0 0 0 0
9.03 11.11 1 0 0 0 0 1 0 0 0 0 1 0 0 0 1 0
10.84 11.48 0 1 0 0 1 0 1 0 0 1 0 0 0 0 0 0
11.97 11.12 0 2 0 0 0 0 0 0 0 0 0 0 0 0 0 0
8.11 10.62 0 1 0 0 0 0 0 0 0 0 0 0 0 0 0 0
10.21 12.23 1 0 0 0 0 1 0 0 0 0 1 0 1 0 1 0
9.25 11.65 0 0 0 0 0 0 0 0 0 0 0 0 0 0 0 0
10.82 12.67 0 1 0 0 0 0 0 0 0 0 0 0 0 0 0 0
11.2 9.48 0 1 0 0 0 0 0 0 0 0 0 0 0 0 0 0
10.12 12 0 1 0 0 0 0 0 0 0 0 0 0 0 0 0 0
9.62 10.83 1 0 0 0 0 1 0 0 0 0 1 0 0 0 1 0
10.23 10.66 0 1 0 0 0 0 0 0 0 0 0 0 0 0 0 0
11.19 9.45 1 1 0 0 0 1 0 0 0 0 1 0 0 0 1 0
12.57 12.52 0 1 0 0 0 0 0 0 0 0 0 0 0 0 0 1
10.07 10.45 1 0 0 0 0 1 0 0 0 0 1 0 0 0 1 0
10.58 9.88 1 1 0 0 0 1 0 0 0 0 1 1 0 0 1 0
12.86 9.64 0 2 0 0 1 0 0 0 0 1 0 0 0 0 0 0
9.65 9.64 0 2 0 0 0 0 0 0 0 0 0 0 0 0 0 0
10.98 10.87 0 1 0 0 1 0 0 0 0 1 0 0 0 0 0 0
10.36 10.17 0 1 0 0 0 0 0 0 0 0 0 0 0 0 0 0
8.73 11.33 1 0 0 0 0 1 0 0 0 0 1 0 1 0 1 0
10.92 12.09 0 1 0 0 0 0 0 0 0 0 0 0 0 0 0 0
11.32 12.45 0 0 0 0 0 0 1 0 0 0 0 0 0 0 0 0
11.62 10.72 0 2 0 0 0 0 0 0 0 0 0 0 0 0 0 0
9.22 9.16 0 0 0 0 0 0 0 0 0 0 0 0 0 0 0 0
9.88 9.58 0 0 0 1 0 0 0 0 0 0 0 0 0 0 0 0
10.55 9.1 0 2 0 0 0 0 0 0 0 0 0 0 0 0 0 0
8.28 10.48 1 0 0 0 0 1 0 0 0 0 1 0 0 0 1 0
9.45 11.01 0 0 0 0 0 0 0 0 0 0 0 0 0 0 0 0
9.77 9.51 0 2 0 0 0 0 0 0 0 0 0 0 0 0 0 0
10.47 11 0 1 0 0 1 0 0 0 0 1 0 0 0 0 0 0
11.13 9.98 0 0 0 0 0 0 0 0 0 0 0 0 0 0 0 0
11.32 9.57 1 1 0 0 0 1 0 0 0 0 1 0 0 0 1 0
10.8 9.5 0 1 0 0 0 0 0 0 0 0 0 0 0 0 0 0
11.05 8.33 0 0 0 0 0 0 0 0 0 0 0 0 0 0 0 0
10.47 11.88 0 2 0 0 0 0 0 0 0 0 0 0 0 0 0 1
8.14 12.5 0 1 0 0 1 0 0 0 0 1 0 0 0 0 0 0
10.06 10.28 0 1 0 0 0 0 0 0 0 0 0 0 0 0 0 0
9.96 9.58 0 1 0 0 0 0 0 0 0 0 0 0 0 0 0 0
11.12 10.41 1 1 0 0 0 1 0 0 0 0 1 0 0 0 1 0
10.26 10.34 0 0 0 0 0 0 0 0 0 0 0 0 0 0 0 0
10.17 9.46 0 0 0 0 0 0 0 0 0 0 0 0 0 0 0 0
11.13 7.97 0 1 0 0 0 0 0 0 0 0 0 0 0 0 0 0
12.49 9.71 0 2 0 0 0 0 0 0 0 0 0 0 0 0 0 0
9.96 10.99 2 0 0 0 0 2 0 0 0 0 2 0 1 0 2 0
8.12 10.81 0 0 0 0 0 0 0 0 0 0 0 0 0 0 0 0
8.98 10.08 0 0 0 0 0 0 0 1 0 0 0 0 0 0 0 0
11.46 8.96 0 2 0 0 0 0 0 0 0 0 0 0 0 0 0 0
