10.35 10.51 0 0 0 0 0 0 1 0 0 0 0 0 0 0 0 0 0 1 0 0 0 0 0 0 0 0 0 0 0 0 0 0
9.45 10.05 0 0 0 0 0 0 0 0 0 0 0 0 0 0 0 0 0 1 0 0 1 0 0 0 0 0 0 0 0 0 0 0
10.34 9.94 0 0 0 0 0 0 0 0 0 0 0 0 0 0 0 0 0 0 0 0 1 0 0 0 0 0 0 0 0 0 0 0
10.21 9.97 0 0 0 0 0 0 0 0 0 0 0 0 0 0 0 0 0 1 0 0 0 0 0 0 0 0 0 0 0 0 0 0
9.65 9.65 0 0 0 0 0 0 0 0 0 0 0 0 0 0 0 0 0 2 0 0 0 0 0 0 0 0 0 0 0 0 0 0
10.81 10.77 0 1 0 1 1 0 0 0 0 1 0 1 0 1 1 1 1 0 1 0 1 0 1 1 0 0 0 0 1 0 0 0
9.23 10.61 0 0 0 0 0 0 0 0 0 0 0 0 0 0 0 0 0 1 0 0 0 0 0 0 0 0 0 0 0 0 0 0
10.29 11.74 1 1 0 1 1 0 0 0 0 1 0 1 1 1 1 0 1 1 1 0 1 0 1 1 1 1 1 0 1 0 0 0
9.51 8.9 0 1 0 2 1 0 0 0 0 2 0 1 0 1 1 1 1 0 1 0 2 0 1 1 0 0 0 1 1 0 0 0
10.43 10.14 0 1 0 1 1 0 0 0 0 1 0 1 0 1 1 0 1 1 1 0 1 0 1 1 0 0 1 0 1 0 0 0
9.26 9.35 0 2 0 2 2 0 0 0 0 2 0 2 0 2 2 1 2 0 2 0 2 0 2 2 0 0 1 0 2 0 0 0
8.95 12.56 1 1 0 1 1 0 0 0 0 1 0 1 1 1 1 0 1 1 1 0 1 0 1 1 1 1 1 0 1 0 0 0
12.92 8.72 0 0 0 0 0 0 0 0 0 0 0 0 0 0 0 0 0 2 0 0 0 0 0 0 0 0 0 0 0 0 0 0
11.07 12.64 1 1 0 1 1 0 0 0 0 1 0 1 1 1 1 0 1 1 1 0 1 0 1 1 1 0 1 0 1 0 0 0
10.85 11.03 0 0 0 1 0 0 0 0 1 0 0 0 0 0 0 0 0 1 0 0 1 0 0 0 0 0 0 0 0 0 0 0
9.34 9.91 0 1 0 1 1 0 0 0 0 1 0 1 0 1 1 0 1 1 1 0 1 0 1 1 0 0 1 0 1 0 0 0
9.89 9.46 0 0 0 0 0 0 0 0 0 0 0 0 0 0 0 0 0 1 0 0 0 1 0 0 0 0 0 0 0 0 0 0
10.51 15.29 2 2 0 2 2 0 0 0 0 2 0 2 2 2 2 0 2 0 2 0 2 0 2 2 2 2 2 0 2 0 0 0
10.42 9.34 0 1 0 1 1 0 0 0 0 1 0 1 0 1 1 1 1 0 1 0 1 0 1 1 0 0 0 0 1 0 0 0
10.74 8.19 0 0 0 1 0 0 0 0 1 0 0 0 0 0 0 0 0 1 0 0 1 0 0 0 0 0 0 0 0 0 0 0
10.53 11.24 1 1 0 1 1 0 0 0 0 1 0 1 1 1 1 0 1 1 1 0 1 0 1 1 1 0 1 0 1 0 0 0
9.18 10.29 0 0 0 1 0 0 0 0 0 1 0 0 0 0 0 0 0 1 0 0 1 0 0 0 0 0 0 1 0 0 0 0
10.04 10.23 0 0 0 1 0 0 0 0 0 1 0 0 0 0 0 0 0 0 0 0 1 0 0 0 0 0 0 1 0 0 0 0
9.39 11.01 0 0 0 0 0 0 0 0 0 0 0 0 0 0 0 0 0 2 0 0 0 0 0 0 0 0 0 0 0 0 0 0
8.39 9.93 0 0 0 1 0 0 0 0 1 0 0 0 0 0 0 0 0 1 0 0 1 0 0 0 0 0 0 0 0 0 0 0
7.4 10.56 0 0 0 2 0 0 0 0 1 1 0 0 0 0 0 0 0 0 0 0 2 0 0 0 0 0 0 1 0 0 0 0
10.48 8.61 0 0 0 0 0 0 0 0 0 0 0 0 0 0 0 0 0 1 0 0 0 0 0 0 0 0 0 0 0 0 0 0
10.14 8.44 0 0 0 0 0 1 0 0 0 0 0 0 0 0 0 0 0 2 0 0 0 0 0 0 0 0 0 0 0 0 0 0
10.04 9.51 0 0 0 0 0 0 0 0 0 0 0 0 0 0 0 0 0 0 0 0 0 0 0 0 0 0 0 0 0 0 0 0
10.03 9.49 0 0 0 0 0 0 0 0 0 0 0 0 0 0 0 0 0 1 0 0 0 0 0 0 0 0 0 0 0 0 0 0
8.03 10.43 0 0 0 0 0 0 0 0 0 0 0 0 0 0 0 0 0 2 0 0 0 0 0 0 0 0 0 0 0 0 0 0
9.43 9.16 0 0 0 0 0 0 0 0 0 0 0 0 0 0 0 0 0 0 0 0 0 0 0 0 0 0 0 0 0 0 0 0
9.65 9.2 0 2 0 2 2 0 0 0 0 2 0 2 0 2 2 2 2 0 2 0 2 0 2 2 0 0 0 0 2 0 0 0
10.03 8.43 0 0 0 1 0 0 0 0 1 0 0 0 0 0 0 0 0 1 0 0 1 0 0 0 0 0 0 0 0 0 0 0
9.77 7.94 0 0 0 0 0 0 0 0 0 0 0 0 0 0 0 0 0 1 0 0 0 0 0 0 0 0 0 0 0 0 0 0
10.31 10.39 1 1 0 1 1 0 0 0 0 1 0 1 1 1 1 0 1 1 1 0 1 0 1 1 0 0 1 0 1 0 0 0
11.18 10.77 0 0 0 0 0 0 0 0 0 0 0 0 0 0 0 0 0 1 0 0 0 0 0 0 0 0 0 0 0 0 0 0
8.96 10.54 0 1 0 1 1 0 0 0 0 1 0 1 0 1 1 1 1 1 1 0 1 0 1 1 0 0 0 0 1 0 0 0
9.85 12.52 0 0 0 0 0 0 0 0 0 0 0 0 0 0 0 0 0 1 0 0 0 0 0 0 0 0 0 0 0 0 0 0
8.32 9.23 0 0 0 0 0 0 0 0 0 0 0 0 0 0 0 0 0 2 0 0 0 0 0 0 0 0 0 0 0 0 0 0
10.93 10.13 0 0 0 2 0 0 0 0 2 0 0 0 0 0 0 0 0 0 0 0 2 0 0 0 0 0 0 0 0 0 0 0
10.15 10.59 0 0 0 0 0 0 0 0 0 0 0 0 0 0 0 0 0 0 0 0 0 0 0 0 0 0 0 0 0 0 0 0
8.7 10.1 0 0 0 0 0 0 0 0 0 0 0 0 0 0 0 0 0 0 0 0 0 0 0 0 0 0 0 0 0 1 0 0
10.43 8.96 0 0 0 1 0 0 0 0 0 1 0 0 0 0 0 0 0 1 0 0 1 0 0 0 0 0 0 1 0 0 0 0
11.73 10.92 0 0 0 1 0 1 0 0 1 0 0 0 0 0 0 0 0 1 0 0 1 0 0 0 0 0 0 0 0 0 0 0
10.45 10.47 0 1 0 1 1 0 0 0 0 1 0 1 0 1 1 1 1 0 1 0 1 0 1 1 0 0 0 0 1 0 0 0
10.63 10.93 0 0 0 0 0 0 0 0 0 0 0 0 0 0 0 0 0 2 0 0 0 0 0 0 0 0 0 0 0 0 0 0
10.01 9.79 0 0 0 0 0 0 0 0 0 0 0 0 0 0 0 0 0 2 0 0 0 0 0 0 0 0 0 0 0 0 0 1
10.62 8.69 0 0 0 0 0 0 0 0 0 0 0 0 0 0 0 0 0 1 0 0 0 0 0 0 0 0 0 0 0 0 0 0
10.51 12.32 0 2 0 2 2 0 0 0 0 2 0 2 0 2 2 0 2 0 2 0 2 0 2 2 0 0 2 0 2 0 0 0
9.2 10.14 0 1 0 1 1 0 0 0 0 1 0 1 0 1 1 0 1 0 1 0 1 0 1 1 0 0 1 0 1 0 0 0
10.87 9.33 0 0 0 0 0 0 0 0 0 0 0 0 0 0 0 0 0 2 0 0 0 0 0 0 0 0 0 0 0 0 0 0
10.39 9.01 0 0 0 1 0 0 0 0 1 0 0 0 0 0 0 0 0 1 0 0 1 0 0 0 0 0 0 0 0 0 0 0
9.72 9.3 0 0 0 0 0 0 0 0 0 0 0 0 0 0 0 0 0 1 0 0 0 0 0 0 0 0 0 0 0 0 0 0
10.83 9.95 0 1 0 2 1 0 0 0 0 2 0 1 0 1 1 0 1 0 1 0 2 0 1 1 0 0 1 1 1 0 0 0
9.27 10.16 0 0 0 0 0 0 0 0 0 0 0 0 0 0 0 0 0 2 0 0 0 0 0 0 0 0 0 0 0 0 0 0
9.44 7.81 0 0 0 2 0 0 0 0 1 1 0 0 0 0 0 0 0 0 0 0 2 0 0 0 0 0 0 1 0 0 0 0
10.36 11.61 0 1 0 1 1 0 0 0 0 1 0 1 0 1 1 1 1 0 1 0 1 0 1 1 0 0 0 0 1 0 0 0
8.88 10.93 0 0 0 0 0 0 0 0 0 0 0 0 0 0 0 0 0 0 0 0 0 0 0 0 0 0 0 0 0 0 0 0
9.2 10.3 0 0 0 0 0 0 0 0 0 0 0 0 0 0 0 0 0 2 0 0 0 0 0 0 0 0 0 0 0 0 0 0
8.89 10.77 0 0 0 0 0 0 0 0 0 0 1 0 0 0 0 0 0 0 0 0 0 0 0 0 0 0 0 0 0 0 0 0
10.56 8.61 0 2 0 2 2 0 0 0 0 2 0 2 0 2 2 2 2 0 2 0 2 0 2 2 0 0 0 0 2 0 0 0
10.97 10.62 0 1 0 1 1 0 0 0 0 1 0 1 0 1 1 1 1 0 1 0 1 0 1 1 0 0 0 0 1 0 0 0
11.1 10.46 0 0 0 2 0 0 0 0 2 0 0 0 0 0 0 0 0 0 0 0 2 0 0 0 0 0 0 0 0 0 0 0
11.27 8.56 0 0 0 0 0 0 0 0 0 0 0 0 0 0 0 0 0 1 0 0 0 0 0 0 0 0 0 0 0 0 0 0
9.98 10.66 0 0 0 1 0 0 0 0 0 1 0 0 0 0 0 0 0 1 0 0 1 0 0 0 0 0 0 1 0 0 0 0
11.2 10.83 0 1 0 1 1 0 0 0 0 1 0 1 0 1 1 1 1 1 1 0 1 0 1 1 0 0 0 0 1 0 0 0
11.88 8.08 0 1 0 1 1 0 0 0 0 1 0 1 0 1 1 1 1 1 1 0 1 0 1 1 0 0 0 0 1 0 0 0
10.43 9.31 0 1 1 1 1 0 0 0 0 1 0 1 0 1 1 0 1 1 1 0 1 0 1 1 0 0 1 0 1 0 0 0
10.3 10.12 0 0 0 1 0 0 0 0 0 1 0 0 0 0 0 0 0 1 0 0 1 0 0 0 0 0 0 1 0 0 0 0
10.53 8.48 0 0 0 0 0 0 0 0 0 0 0 0 0 0 0 0 0 0 0 0 0 0 0 0 0 0 0 0 0 0 0 0
12.42 11.35 0 0 0 1 0 0 0 0 1 0 0 0 0 0 0 0 0 1 0 0 1 0 0 0 0 0 0 0 0 0 0 0
10.63 9.26 0 0 0 0 0 0 0 0 0 0 0 0 0 0 0 0 0 2 0 0 0 0 0 0 0 0 0 0 0 0 0 0
10.27 11.42 0 0 0 0 0 0 0 0 0 0 0 0 0 0 0 0 0 1 0 0 0 0 0 0 0 0 0 0 0 0 0 0
9.34 10.71 0 0 0 0 0 0 0 0 0 0 0 0 0 0 0 0 0 1 0 0 0 0 0 0 0 0 0 0 0 0 0 0
11.3 9.13 0 0 0 1 0 0 0 0 1 0 0 0 0 0 0 0 0 0 0 0 1 0 0 0 0 0 0 0 0 0 0 0
10.03 8.88 0 0 0 0 0 0 0 0 0 0 0 0 0 0 0 0 0 1 0 0 0 0 0 0 0 0 0 0 0 0 0 0
9.8 11.02 0 0 0 0 0 0 0 0 0 0 0 0 0 0 0 0 0 0 0 0 1 0 0 0 0 0 0 0 0 0 0 0
10.85 9.52 0 1 0 1 1 0 0 0 0 1 0 1 0 1 1 0 1 1 1 0 1 0 1 1 0 0 1 0 1 0 0 0
9.33 12.39 0 0 0 1 0 0 0 0 1 0 0 0 0 0 0 0 0 1 0 0 1 0 0 0 0 0 0 0 0 0 1 0
9.7 9.93 0 0 0 1 0 0 0 0 1 0 0 0 0 0 0 0 0 1 0 0 1 0 0 0 0 0 0 0 0 0 0 0
8.64 11.52 1 1 0 1 1 0 0 0 0 1 0 1 1 1 1 0 1 1 1 0 1 0 1 1 1 0 1 0 1 0 0 0
9.08 11.58 0 1 0 1 1 0 0 0 0 1 0 1 0 1 1 1 1 1 1 0 1 0 1 1 0 0 0 0 1 0 0 0
10.89 9.49 0 0 0 0 0 0 0 0 0 0 0 0 0 0 0 0 0 2 0 0 0 0 0 0 0 0 0 0 0 0 0 0
10 11.35 0 0 0 0 0 0 0 0 0 0 0 0 0 0 0 0 0 1 0 0 0 1 0 0 0 0 0 0 0 0 0 0
9.8 10.31 0 0 0 0 0 0 0 0 0 0 1 0 0 0 0 0 0 1 0 0 0 0 0 0 0 0 0 0 0 0 0 0
10.18 11.79 0 1 0 1 1 0 0 1 0 1 0 1 0 1 1 0 1 0 1 0 1 0 1 1 0 0 1 0 1 0 0 0
10.63 11.49 1 1 0 1 1 0 0 0 0 1 0 1 1 1 1 0 1 0 1 0 1 0 1 1 1 0 1 0 1 0 0 0
9.48 10.11 0 0 0 0 0 0 0 0 0 0 0 0 0 0 0 0 0 2 0 0 0 0 0 0 0 0 0 0 0 0 0 0
10.61 11.28 0 1 0 1 1 0 0 0 0 1 0 1 0 1 1 1 1 0 1 0 1 0 1 1 0 0 0 0 1 0 0 0
8.55 12.03 0 0 0 0 0 0 0 0 0 0 1 0 0 0 0 0 0 0 0 1 0 0 0 0 0 0 0 0 0 0 0 0
9.51 11.07 0 0 0 1 0 0 0 0 1 0 0 0 0 0 0 0 0 1 0 0 1 0 0 0 0 0 0 0 0 0 0 0
8.93 11.49 0 0 0 0 0 0 0 0 0 0 0 0 0 0 0 0 0 1 0 0 0 0 0 0 0 0 0 0 0 0 0 0
9.6 12.04 0 1 0 2 1 0 0 0 1 1 0 1 0 1 1 1 1 0 1 0 2 0 1 1 0 0 0 0 1 0 0 0
9.79 9.92 0 0 0 1 0 0 0 0 0 1 0 0 0 0 0 0 0 1 0 0 1 0 0 0 0 0 0 1 0 0 0 0
9.08 8.57 0 0 0 1 0 0 0 0 1 0 0 0 0 0 0 0 0 1 0 0 1 0 0 0 0 0 0 0 0 0 0 0
8.8 11.61 0 0 0 0 0 0 0 0 0 0 0 0 0 0 0 0 0 1 0 0 0 0 0 0 0 0 0 0 0 0 0 0
9.01 9.51 0 1 0 1 1 0 0 0 0 1 0 1 0 1 1 1 1 0 1 0 1 0 1 1 0 0 0 0 1 0 0 0
10.83 9.31 0 0 0 0 0 0 0 0 0 0 0 0 0 0 0 0 0 1 0 0 0 0 0 0 0 0 0 0 0 0 0 0
11.43 9.33 0 0 0 1 0 0 0 0 1 0 0 0 0 0 0 0 0 1 0 0 1 0 0 0 0 0 0 0 0 0 0 0
