8.5 10.79 0 0 0 0 0 0 0 0 0 0 0 0 0 0 0 0
10.03 10.42 0 1 1 0 0 0 0 0 0 0 1 1 0 0 0 1
9.47 10.91 0 1 1 1 0 0 0 0 1 0 1 0 0 0 0 1
8.81 10.44 0 1 1 0 0 0 0 0 0 0 1 0 0 0 0 1
12.23 11.05 0 1 1 0 0 0 0 0 0 0 1 0 0 0 1 1
10.75 8.94 0 2 2 0 0 0 0 0 0 0 2 0 0 0 0 2
8.93 8.83 0 0 0 0 0 0 0 0 0 0 0 0 0 0 0 0
10.33 8.74 0 1 1 0 0 0 0 0 0 0 1 0 0 0 0 1
11.98 8.51 0 1 1 0 0 0 0 0 0 0 1 0 0 0 1 1
8.74 10.28 0 0 0 0 0 0 0 0 0 0 0 0 0 0 0 0
10.79 12.95 0 2 1 0 0 0 0 1 0 0 2 0 1 1 1 2
9.17 10.09 0 0 0 1 0 0 0 0 0 0 0 0 0 0 0 0
10.86 10.47 0 2 2 0 0 0 0 0 0 0 2 0 0 0 1 2
10.31 8.72 0 1 1 0 0 0 0 0 0 0 1 0 0 0 0 1
9.9 8.22 0 1 1 0 0 0 0 0 0 0 1 0 0 0 1 1
10.98 8.73 0 0 0 0 0 0 0 0 0 0 0 0 0 0 0 0
8.98 10.13 0 0 0 0 0 0 0 0 0 0 0 0 0 0 0 0
10.73 10.47 0 1 1 0 0 0 0 0 0 0 1 0 0 0 0 1
10.14 11.47 0 0 0 0 0 0 0 0 0 0 0 1 0 0 0 0
9.09 10.46 0 0 0 1 0 0 0 0 0 0 0 0 0 0 0 0
9.47 9.32 0 0 0 1 0 0 0 0 1 0 0 0 0 0 0 0
10.04 9.84 0 0 0 0 0 0 0 0 0 0 0 0 0 0 0 0
11.24 9.29 0 1 1 1 0 0 0 0 0 0 1 0 0 0 0 1
10.21 11.13 0 0 0 2 0 0 0 0 0 0 0 0 0 0 0 0
11.07 9.71 0 1 1 1 0 1 0 0 0 0 1 0 0 0 1 1
10.69 9.38 0 1 1 0 0 0 0 0 0 0 1 0 0 0 0 1
11.73 9.37 0 1 1 1 0 0 0 0 0 0 1 0 0 0 0 1
9.01 11.65 0 0 0 0 0 0 0 0 0 0 0 0 0 0 0 0
11.96 8.66 0 0 0 0 0 0 0 0 0 0 0 0 0 0 0 0
9.79 7.92 0 0 0 0 0 0 0 0 0 0 0 0 0 0 0 0
10.56 9.32 0 1 1 0 0 0 0 0 0 0 1 0 0 0 1 1
11.38 10.8 0 1 1 0 0 0 0 0 0 0 1 0 0 0 0 1
9.62 9.83 0 0 0 0 0 0 0 0 0 0 0 0 0 0 0 0
9.3 9.91 0 1 1 0 0 0 0 0 0 0 1 0 0 0 1 1
10.49 10.07 0 1 1 0 0 0 0 0 0 0 1 0 0 0 0 1
11.71 9.69 0 0 0 1 0 0 0 0 0 0 0 0 0 0 0 0
10.17 10.04 0 1 1 0 0 0 0 0 0 1 1 0 0 0 0 1
11.28 9.14 0 1 1 0 0 0 0 0 0 0 1 0 0 0 1 1
9.38 9.92 0 0 0 0 0 0 0 0 0 0 0 0 0 0 0 0
9.26 8.95 0 1 1 0 0 0 0 0 0 0 1 0 0 0 0 1
8.6 9.92 0 1 1 0 0 0 0 0 0 0 1 0 0 0 0 1
8.63 11.73 0 0 0 0 0 0 0 0 0 0 0 0 0 0 0 0
10.67 11.13 0 0 0 0 0 0 0 0 0 0 0 0 0 0 0 0
10.84 8.94 0 1 1 0 0 0 0 0 0 0 1 0 0 0 0 1
9.32 9.98 0 0 0 1 0 0 0 0 0 0 0 0 0 0 0 0
10.39 9.15 0 1 1 0 0 0 0 0 0 0 1 0 0 0 1 1
9.17 8.6 0 0 0 0 0 0 0 0 0 0 0 0 0 0 0 0
8.09 9.81 0 0 0 1 0 0 1 0 0 0 0 0 0 0 0 0
11.25 13.53 0 1 0 0 0 0 0 1 0 0 1 0 1 1 0 1
10.08 9.03 0 1 1 0 0 0 0 0 0 0 1 0 0 0 0 1
8.87 10.45 0 0 0 1 1 0 0 0 1 0 0 0 0 0 0 0
9.9 9.16 0 0 0 1 0 0 0 0 0 0 0 0 0 0 0 0
8.97 10.95 0 0 0 0 0 0 1 0 0 0 0 0 0 0 0 0
11.22 11.46 0 0 0 0 0 0 0 0 0 0 0 0 0 0 0 0
10.47 11.57 0 1 1 0 0 0 0 0 0 0 1 0 0 0 0 1
10.11 11.67 0 1 1 1 0 0 0 0 1 0 1 0 0 0 0 1
9.72 10.58 0 0 0 1 0 0 0 0 1 0 0 0 0 0 0 0
10.29 9.19 0 1 1 0 0 0 0 0 0 0 1 0 0 0 0 1
10.74 8.45 0 0 0 1 0 0 0 0 0 0 0 0 0 0 0 0
9.85 9.36 0 1 1 0 0 0 0 0 0 0 1 0 0 0 1 1
10.06 8.82 0 1 1 0 0 0 0 0 0 0 1 0 0 0 0 1
8.97 9.05 0 0 0 0 0 0 1 0 0 0 0 0 0 0 0 0
9.47 11.99 0 0 0 2 0 0 0 0 1 0 0 0 0 0 0 0
10.1 9.66 0 0 0 1 0 0 0 0 1 0 0 0 0 0 0 0
10.58 12.62 0 0 0 1 0 0 0 0 1 0 0 1 0 0 0 0
10.12 11.02 0 1 1 0 0 1 0 0 0 0 1 0 0 0 1 1
11.22 11.53 0 2 2 0 0 0 0 0 0 0 2 0 0 0 1 2
11.16 13.03 0 1 1 0 0 0 0 0 0 1 1 0 0 0 0 1
10.2 9.61 0 1 1 0 0 0 0 0 0 0 1 0 0 0 0 1
10.52 10.54 1 1 1 0 0 0 0 0 0 0 1 0 0 0 0 1
9.98 11.02 0 1 1 0 0 0 0 0 0 0 1 0 0 0 0 1
9.74 11.19 0 0 0 0 0 0 0 0 0 0 0 1 0 0 0 0
10.29 9.06 0 1 1 0 0 0 0 0 0 0 1 0 0 0 1 1
10.41 10.06 0 0 0 0 0 0 0 0 0 0 0 0 0 0 0 0
9.97 9.98 0 1 1 0 0 0 0 0 0 0 1 0 0 0 0 1
10.95 10.65 0 0 0 0 0 0 0 0 0 0 0 1 0 0 0 0
10.44 11.7 0 0 0 1 0 0 0 0 1 0 0 0 0 0 0 0
10.88 9.12 0 1 1 1 0 0 0 0 0 0 1 0 0 0 0 1
9.85 9.09 0 1 1 0 0 0 0 0 0 0 1 0 0 0 0 1
10.83 11.34 0 1 1 0 0 0 0 0 0 0 1 0 0 0 1 1
11.98 10.8 0 1 1 0 0 0 0 0 0 0 1 0 0 0 0 1
10.87 8.35 0 1 1 0 0 0 0 0 0 0 1 0 0 0 0 1
9.85 9.66 0 1 1 1 0 0 0 0 0 0 1 0 0 0 0 1
12.28 9.71 0 2 2 0 0 0 0 0 0 0 2 0 0 0 0 2
12.72 10.68 0 1 1 0 0 0 0 0 0 0 1 0 0 0 0 1
10.58 11.2 0 1 1 0 0 0 0 0 0 0 1 0 0 0 0 1
10.1 10.17 0 1 1 0 0 0 0 0 0 0 1 0 0 0 1 1
9.86 9.16 0 1 1 0 0 0 0 0 0 0 1 0 0 0 0 1
8.74 10.91 0 1 1 0 0 0 0 0 0 0 1 0 0 0 0 1
8.84 8.59 0 1 1 0 0 0 0 0 0 0 1 0 0 0 1 1
10.57 11.6 0 0 0 0 0 0 0 0 0 0 0 0 0 0 0 0
9.92 8.11 0 0 0 1 0 0 0 0 0 0 0 0 0 0 0 0
9.52 10.25 0 1 1 0 0 0 0 0 0 0 1 0 0 0 0 1
9.32 11.07 0 0 0 0 0 0 0 0 0 0 0 0 0 0 0 0
9.53 10.73 0 2 2 0 0 0 0 0 0 0 2 0 0 0 0 2
10.25 11.04 0 0 0 0 0 0 0 0 0 0 0 0 0 0 0 0
11.2 10.49 0 0 0 0 0 0 0 0 0 0 0 0 0 0 0 0
8.92 11.29 0 0 0 0 0 0 0 0 0 0 0 0 0 0 0 0
12.16 11.11 0 1 1 0 0 0 0 0 0 0 1 0 0 0 0 1
9.36 9.5 0 0 0 0 0 0 0 0 0 0 0 0 0 0 0 0
