10.81 10.27 0 0 0 0 0 0 0 0 0 0 0 0 0 0 0 0 0 0 0 0
9.45 10.44 0 0 0 0 0 0 0 0 0 0 0 0 0 0 0 0 0 0 0 0
9.28 10.64 0 0 0 0 0 0 0 0 0 0 0 1 0 0 1 0 0 0 0 0
11.86 9.22 0 0 1 1 0 0 0 0 0 0 0 0 0 0 1 0 0 0 0 1
10.37 11.94 0 0 1 1 0 0 0 0 0 0 0 0 0 0 1 0 1 0 0 1
10.4 10.22 1 0 0 0 0 0 0 0 0 0 0 0 0 0 0 0 0 0 0 0
10.38 10.46 0 0 1 1 0 0 0 0 0 0 0 0 0 0 1 0 1 0 0 1
9.34 8.57 0 0 0 0 0 0 0 0 1 1 0 0 0 0 0 0 0 0 0 0
10.67 9.27 0 0 0 0 0 0 0 0 0 0 0 1 0 0 1 0 0 0 0 0
9.96 11.34 0 1 1 1 0 0 0 0 0 0 0 1 0 0 2 0 0 0 0 1
13.11 12.26 0 0 2 2 0 0 0 0 0 0 0 0 0 0 2 0 2 0 0 2
10.01 9.38 0 0 0 0 0 0 0 0 0 0 0 1 0 0 1 0 0 0 0 0
11.95 10.81 0 0 2 2 0 0 0 0 0 0 0 0 0 0 2 0 1 0 0 2
11.42 9.51 0 0 0 0 0 0 0 0 0 0 0 0 0 0 0 0 0 0 0 0
9.98 9.49 0 0 1 1 0 0 0 0 0 0 0 0 0 0 1 0 1 0 0 1
11.25 10.69 0 0 1 1 0 0 0 0 0 0 0 0 0 0 1 0 1 0 0 1
10.51 9.36 0 0 2 2 0 0 0 0 0 0 0 0 0 0 2 0 2 0 0 2
10.56 11.18 0 0 1 1 0 0 0 0 0 0 0 0 0 0 1 0 0 1 0 1
10.09 11.51 0 0 0 0 0 0 0 0 0 2 0 0 0 1 0 0 0 0 0 0
7.95 10.34 0 0 1 1 0 0 0 0 0 0 0 0 0 0 1 0 1 0 0 1
10.03 10.33 0 0 0 0 0 0 0 0 0 0 0 0 0 0 0 0 0 0 0 0
8.78 8.77 0 0 1 1 0 0 0 0 0 0 0 0 0 0 1 0 1 0 0 1
9.08 10.26 0 0 1 1 1 0 0 0 0 0 0 0 0 0 1 0 1 0 0 1
8.63 12.69 0 0 1 1 0 0 0 0 0 0 0 1 0 0 2 1 1 0 0 1
10.05 11.22 0 1 1 1 0 0 0 0 0 0 0 1 0 0 2 0 0 0 0 1
10.61 10.4 0 0 1 1 0 0 0 0 0 0 0 0 0 0 1 0 1 1 0 1
11.44 9.89 1 0 1 1 0 0 0 0 0 0 0 0 0 0 1 0 1 0 0 1
9.5 10.99 0 0 0 0 0 0 0 0 0 1 0 0 0 0 0 0 0 0 0 0
11.92 9.42 0 0 1 1 0 0 0 0 0 0 0 0 0 0 1 0 1 0 0 1
8.22 9.46 0 0 0 0 0 0 0 0 0 0 0 0 0 0 0 0 0 0 0 0
9.88 10.82 0 0 0 0 0 0 0 0 0 1 0 0 0 0 0 0 0 0 0 0
10.59 9.51 0 0 0 0 0 0 0 0 0 0 0 0 0 0 0 0 0 0 0 0
10.45 11.03 0 0 0 0 0 0 1 0 0 0 0 0 0 0 0 0 0 0 0 0
11.51 9.77 0 0 0 0 0 0 1 0 0 1 0 0 0 0 0 0 0 0 0 0
9.52 7.92 0 0 1 1 0 0 0 0 0 0 0 0 0 0 1 0 1 0 0 1
9.3 8.87 0 0 1 1 0 0 0 0 0 1 0 0 0 0 1 0 1 0 0 1
9.72 13.69 0 0 0 0 0 0 0 0 0 0 1 1 0 0 1 1 0 1 0 0
9.13 10.27 1 0 0 0 0 0 0 0 0 0 0 0 0 0 0 0 0 0 0 0
10.19 11.93 0 0 1 1 0 0 0 0 0 1 0 0 0 0 1 0 1 0 0 1
9.39 8.45 0 0 1 1 0 0 0 0 0 0 0 0 0 0 1 0 0 0 0 1
8.58 11.41 0 0 0 0 0 0 0 0 0 0 0 0 0 0 0 0 0 1 0 0
10.68 10.28 0 0 0 0 0 0 0 0 0 0 0 1 0 0 1 0 0 0 0 0
10.54 9.75 0 0 1 1 0 0 0 0 0 0 0 0 0 0 1 0 0 0 0 1
9.1 10.09 0 0 0 0 0 0 0 0 0 1 0 0 0 1 0 0 0 0 0 0
12.85 10.01 1 0 0 0 0 0 0 0 0 1 0 0 0 0 0 0 0 0 0 0
9.58 11.27 0 0 1 1 0 0 0 0 0 0 0 0 0 0 1 0 1 0 0 1
8.68 11.41 0 0 0 0 0 0 0 0 1 0 0 0 0 0 0 0 0 0 0 0
11.51 10.69 0 1 1 1 0 0 0 0 0 0 0 0 0 0 1 0 0 0 0 1
11.09 11.39 0 0 0 0 0 0 1 0 0 0 0 0 0 0 0 0 0 0 0 0
10.59 11.44 0 0 1 1 0 0 0 0 0 0 0 0 0 0 1 0 0 0 0 1
10.43 9.15 0 0 1 1 0 0 0 0 0 1 0 0 0 0 1 0 1 0 0 1
11.69 8.91 1 0 0 0 0 0 0 0 0 0 0 0 0 0 0 0 0 0 0 0
8.09 11.61 0 0 0 0 0 0 0 0 0 0 1 1 0 0 1 1 0 0 0 0
9.61 9.93 1 0 1 1 0 0 0 0 0 0 0 0 0 0 1 0 1 0 0 1
9.93 10.15 0 0 0 0 0 0 0 0 0 0 0 1 0 0 1 1 0 0 0 0
9.83 10.55 0 0 0 0 0 0 0 0 0 0 0 0 0 0 0 0 0 0 0 0
9.52 10.51 0 0 1 1 0 0 0 0 0 0 0 0 0 0 1 0 1 0 0 1
10.03 10.6 0 0 2 2 0 0 0 0 0 0 0 0 0 0 2 0 1 0 0 2
12.05 8.18 0 1 2 2 0 0 0 0 0 0 0 0 0 0 2 0 1 0 0 2
9.9 9 0 0 2 2 0 0 0 0 0 0 0 0 0 0 2 0 2 0 0 2
9.12 10.15 0 0 1 1 0 0 0 0 0 0 1 1 0 0 2 1 1 0 0 1
9.27 8.42 0 0 1 1 0 0 0 0 0 0 0 0 0 0 1 0 1 0 0 1
10.47 9.64 0 0 0 0 0 0 0 0 0 0 1 2 0 0 2 2 0 0 0 0
12.02 11.55 0 0 2 2 0 0 0 0 0 0 0 0 1 0 2 0 1 0 0 2
11.39 9.12 0 0 1 1 0 0 0 0 0 0 0 1 0 0 2 1 1 0 0 1
9.64 9.93 0 0 1 1 0 0 0 0 1 0 0 0 0 0 1 0 1 0 0 1
10.54 11.35 0 0 0 0 0 0 0 0 0 0 0 0 0 0 0 0 0 0 0 0
11.47 10.5 0 0 1 1 0 0 0 1 0 0 0 1 0 0 2 0 1 0 0 1
10.48 8.95 0 0 0 0 0 0 0 0 0 1 0 0 0 0 0 0 0 0 0 0
8.75 10.46 0 0 0 0 0 0 0 0 0 0 0 0 0 0 0 0 0 0 0 0
9.26 9.69 1 0 0 0 0 0 0 0 0 1 0 0 0 1 0 0 0 0 0 0
11.71 10.81 0 0 1 1 0 0 0 0 0 0 0 1 0 0 2 1 0 0 0 1
12.49 10.84 0 0 1 1 0 0 0 0 1 0 0 0 0 0 1 0 1 0 0 1
9 12.53 0 0 0 0 0 1 0 0 0 1 0 0 0 1 0 0 0 0 0 0
11.28 10.57 0 0 0 0 0 0 0 0 0 1 0 0 0 0 0 0 0 0 0 0
10.59 10.72 0 0 0 0 0 0 0 0 0 2 0 0 0 0 0 0 0 0 0 0
9.69 9.38 1 0 0 0 0 0 0 0 0 0 0 0 0 0 0 0 0 0 0 0
10.54 11.23 1 0 0 0 0 0 1 0 0 0 0 0 0 0 0 0 0 0 0 0
9.28 11.78 0 0 2 2 0 0 0 0 0 0 0 0 0 0 2 0 2 0 0 2
10.45 10.51 0 0 1 1 0 0 0 0 0 0 0 0 0 0 1 0 1 0 0 1
12.16 9.13 1 0 0 0 0 0 0 0 0 1 0 0 0 0 0 0 0 0 0 0
9.06 11.34 1 0 0 0 0 0 0 0 1 0 0 0 0 0 0 0 0 0 0 0
9.19 9.15 0 0 0 0 0 0 0 0 0 0 0 0 0 0 0 0 0 0 0 0
11.14 10.47 0 0 1 1 0 0 0 0 0 0 0 1 0 0 2 1 1 0 0 1
9.53 12.24 0 0 0 0 0 0 0 0 1 0 0 0 0 0 0 0 0 0 0 0
9.72 11.57 1 0 0 0 0 0 0 0 0 1 0 0 0 0 0 0 0 0 0 0
9.72 8.45 0 0 0 0 0 0 0 0 0 0 0 0 0 0 0 0 0 0 0 0
9.26 10.3 0 0 0 0 0 0 0 0 1 1 0 0 0 1 0 0 0 0 0 0
10.02 9.29 1 0 0 0 0 0 0 0 0 0 0 0 0 0 0 0 0 1 0 0
12.8 9.57 0 0 0 0 0 0 0 0 0 0 0 1 0 0 1 0 0 0 0 0
9.94 8.42 0 0 0 0 0 0 0 0 0 0 0 0 0 0 0 0 0 0 0 0
8.94 11.5 0 0 0 0 0 0 0 0 0 1 0 0 0 1 0 0 0 0 0 0
10.22 10.63 0 0 1 1 0 0 0 0 0 0 0 0 0 0 1 0 1 0 0 1
10.4 9.66 0 0 1 1 0 0 0 0 0 0 0 0 0 0 1 0 1 0 1 1
11.9 9.31 0 0 1 1 0 0 0 0 0 1 0 0 0 0 1 0 0 0 0 1
9.11 10.98 0 0 0 0 0 0 0 0 0 0 0 1 0 0 1 0 0 0 0 0
12.06 12.94 0 0 1 1 0 0 0 0 0 1 0 0 0 1 1 0 1 0 0 1
9.47 11.3 0 0 0 0 0 0 0 0 0 0 1 1 0 0 1 1 0 0 0 0
9.43 9.29 0 0 0 0 0 0 0 0 0 0 0 0 0 0 0 0 0 0 0 0
9.98 10.41 0 0 1 1 0 0 0 0 0 0 0 0 0 0 1 0 1 0 0 1
