11.85 11.1 0 0 1 0 0 0 0 0 0 0 0 0 0 1 0 1 0 0 0 0 0 0 0 0 0 0 0 0 0 0 0 0
11.38 10.26 0 0 0 0 1 0 0 1 1 1 1 0 0 1 0 1 1 1 0 0 1 0 1 0 0 0 0 0 0 0 1 0
10.26 9.44 0 0 0 0 0 0 0 0 0 0 0 0 0 2 0 2 0 0 0 0 0 0 0 0 0 0 0 0 0 0 0 0
11.66 11.76 0 0 0 0 1 0 0 1 1 1 1 0 0 1 0 1 1 1 1 0 1 0 1 0 0 0 0 0 0 0 1 0
9.94 10.04 0 1 0 0 2 0 0 2 2 2 2 0 0 0 0 0 2 2 0 0 2 0 2 0 0 0 0 0 0 0 2 0
9.9 9.57 0 1 0 0 1 0 0 1 1 1 1 0 0 1 0 1 1 1 0 0 1 0 1 0 0 0 0 0 0 0 1 0
9.35 8.62 0 0 1 0 0 0 0 0 0 0 0 0 0 1 0 1 0 0 0 0 0 0 0 0 0 0 0 0 0 0 0 0
10.82 10.42 0 0 0 0 1 0 0 1 1 1 1 0 0 1 0 1 1 1 0 0 1 0 1 0 0 0 0 0 0 0 1 0
8.56 11.29 0 1 0 0 2 0 0 2 2 2 2 0 0 0 0 0 2 2 0 0 2 0 2 0 0 0 0 0 0 0 2 0
9.46 9.87 0 1 0 0 2 1 0 2 2 2 2 0 0 0 0 0 2 2 0 0 2 0 2 0 0 0 0 0 0 0 2 0
10.5 12.11 0 0 0 0 0 0 0 0 1 1 1 1 0 1 1 1 1 1 0 0 1 0 1 0 0 0 0 0 1 0 0 0
10.05 11.37 0 0 0 0 2 1 0 2 2 2 2 0 0 0 0 0 2 2 0 0 2 0 2 0 0 0 0 0 0 0 2 0
9.04 9.62 0 0 1 0 0 0 1 0 0 0 0 0 0 0 0 0 0 0 0 0 0 0 0 1 0 1 0 0 0 0 0 0
9.63 10.79 1 1 0 0 1 0 1 1 1 1 1 0 0 0 0 0 1 1 0 0 1 0 1 1 0 1 1 0 0 0 1 0
10.34 10.96 0 1 0 0 1 0 0 1 1 1 1 0 0 1 0 1 1 1 0 0 1 0 1 0 0 0 0 0 0 0 1 0
10.55 11.76 0 0 2 0 0 0 0 0 0 0 0 0 0 0 0 0 0 0 0 0 0 0 0 0 0 0 0 0 0 0 0 0
10.19 10.64 1 1 0 0 2 0 0 2 2 2 2 0 0 0 0 0 2 2 0 0 2 0 2 0 0 0 0 0 0 0 2 0
8.43 10.72 0 0 1 0 0 0 0 0 0 0 0 0 0 1 0 1 0 0 0 0 0 0 0 0 0 0 0 0 0 0 0 0
11.4 10.56 0 1 0 0 1 0 0 1 1 1 1 0 0 1 0 1 1 1 0 0 1 0 1 0 0 0 0 0 0 0 1 0
11.86 8.1 0 1 0 0 1 0 0 1 1 1 1 0 0 1 0 1 1 1 0 0 1 0 1 0 0 0 0 0 0 0 1 0
9.97 8.84 0 0 2 0 0 0 0 0 0 0 0 0 0 0 0 0 0 0 0 0 0 0 0 0 0 0 0 0 0 0 0 0
11.29 11.37 0 0 0 0 2 1 0 2 2 2 2 0 0 0 0 0 2 2 0 0 2 0 2 0 0 0 0 0 0 0 2 0
10.41 12.2 0 1 0 0 1 0 0 1 2 2 2 1 1 0 1 0 2 2 0 0 2 0 2 0 1 0 0 0 1 0 1 0
10.09 10.75 0 1 0 0 1 0 0 1 1 1 1 0 0 1 0 1 1 1 0 0 1 0 1 0 0 0 0 0 0 0 1 0
10.74 10.17 0 0 1 0 0 0 0 0 1 1 1 0 0 0 1 0 1 1 0 0 1 0 1 0 0 0 0 0 0 0 0 0
10.34 10.31 0 0 0 0 0 0 0 0 0 0 0 0 0 2 0 2 0 0 1 0 0 0 0 0 0 0 0 0 0 0 0 0
11.03 9.42 0 1 0 0 1 0 1 1 1 1 1 0 0 0 0 0 1 1 0 0 1 0 1 1 0 1 1 0 0 0 1 0
10.02 10.78 0 2 0 0 2 0 0 2 2 2 2 0 0 0 0 0 2 2 0 0 2 0 2 0 0 0 0 0 0 0 2 0
8.68 10.37 0 2 0 0 2 0 0 2 2 2 2 0 0 0 0 0 2 2 0 0 2 0 2 0 0 0 0 0 0 0 2 0
9.88 10.96 0 0 1 0 0 0 0 0 0 0 0 0 0 1 0 1 0 0 0 0 0 0 0 0 0 0 0 0 0 0 0 0
10.72 10.49 0 0 1 0 0 0 0 0 0 0 0 0 0 1 0 1 0 0 0 0 0 0 0 0 0 0 0 0 0 0 0 0
8.45 9.67 0 0 0 0 0 0 1 0 0 0 0 0 0 1 0 1 0 0 0 0 0 0 0 1 0 1 1 0 0 0 0 0
11.51 10.34 0 1 0 0 2 0 0 2 2 2 2 0 0 0 0 0 2 2 0 0 2 0 2 0 0 0 0 0 0 0 2 0
10.05 10.95 1 1 0 0 1 0 0 1 1 1 1 0 0 1 0 1 1 1 0 0 1 0 1 0 0 0 0 0 0 0 1 0
11.85 9.4 0 1 0 0 1 0 0 1 1 1 1 0 0 1 0 1 1 1 0 0 1 0 1 0 0 0 0 0 0 0 1 0
10.67 10.89 0 1 0 0 1 0 0 1 2 2 2 1 0 0 1 0 2 2 0 0 2 0 2 0 0 0 0 0 1 0 1 0
9.74 10.14 0 0 0 0 0 0 1 0 1 1 1 0 0 0 1 0 1 1 0 0 1 0 1 1 0 1 0 0 0 0 0 0
10.38 10.47 0 1 0 0 1 0 1 1 1 1 1 0 0 0 0 0 1 1 0 0 1 0 1 1 0 1 1 0 0 0 1 0
10.15 12.61 0 1 0 0 1 0 0 1 2 2 2 1 0 0 1 0 2 2 0 0 2 0 2 0 0 0 0 0 1 0 1 0
8.94 9.44 0 0 1 0 1 1 0 1 1 1 1 0 0 0 0 0 1 1 0 0 1 0 1 0 0 0 0 0 0 0 1 0
10.73 10.09 0 0 1 0 0 0 1 0 0 0 0 0 0 0 0 0 0 0 0 0 0 0 0 1 0 1 1 0 0 0 0 0
9.37 10.29 0 1 0 0 1 0 0 1 1 1 1 0 0 1 0 1 1 1 0 0 1 0 1 0 1 0 0 0 0 0 1 0
10.13 9.92 0 0 2 0 0 0 0 0 0 0 0 0 0 0 0 0 0 0 0 0 0 0 0 0 0 0 0 0 0 0 0 0
11.76 9.01 0 0 0 0 0 0 0 0 1 1 1 0 0 1 1 1 1 1 0 0 1 0 1 0 0 0 0 0 0 0 0 0
9.15 9.43 0 1 0 0 2 0 0 2 2 2 2 0 0 0 0 0 2 2 0 0 2 0 2 0 0 0 0 0 0 0 2 0
9.29 11.01 0 0 1 0 1 0 0 1 1 1 1 0 0 0 0 0 1 1 0 0 1 0 1 0 0 0 0 0 0 0 1 0
11.51 11.29 0 0 0 0 2 1 0 2 2 2 2 0 0 0 0 0 2 2 0 0 2 1 2 0 0 0 0 0 0 0 2 0
10.69 9.12 0 0 0 0 0 0 0 0 0 0 0 0 0 2 0 2 0 0 0 0 0 0 0 0 0 0 0 0 0 0 0 0
10.15 8.32 0 1 0 0 1 0 0 1 1 1 1 0 0 1 0 1 1 1 0 0 1 0 1 0 0 0 0 0 0 0 1 0
9.13 9.87 0 0 0 0 2 0 0 2 2 2 2 0 0 0 0 0 2 2 0 0 2 0 2 0 0 0 0 0 0 0 2 0
10.61 8.62 0 1 0 0 1 0 0 1 1 1 1 0 0 1 0 1 1 1 0 0 1 0 1 0 0 0 0 0 0 0 1 0
10 13.26 0 0 0 0 2 1 0 2 2 2 2 0 0 0 0 0 2 2 0 0 2 0 2 0 0 0 0 0 0 0 2 0
10.23 11.58 0 1 0 0 1 0 0 1 1 1 1 0 0 1 0 1 1 1 0 0 1 0 1 0 0 0 0 0 0 0 1 0
10.52 9.5 0 0 0 0 0 0 0 0 0 0 0 0 0 2 0 2 0 0 0 0 0 0 0 0 0 0 0 0 0 0 0 0
10.66 10.83 0 0 1 0 0 0 0 0 0 0 0 0 0 1 0 1 0 0 0 0 0 0 0 0 0 0 0 0 0 0 0 0
9.69 11.68 0 1 0 0 1 0 0 1 1 1 1 0 0 1 0 1 1 1 0 0 1 0 1 0 0 0 0 0 0 0 1 0
10.08 8.98 0 0 0 0 0 0 0 0 0 0 0 0 0 2 0 2 0 0 0 0 0 0 0 0 0 0 0 0 0 0 0 0
10.05 8.97 0 0 0 0 1 0 0 1 1 1 1 0 0 1 0 1 1 1 0 0 1 1 1 0 0 0 0 0 0 0 1 0
12.19 10.14 0 0 0 0 0 0 0 0 1 1 1 1 0 1 1 1 1 1 0 0 1 0 1 0 0 0 0 0 1 0 0 0
7.68 10.01 0 0 0 0 0 0 0 0 1 1 1 1 0 1 1 1 1 1 1 0 1 0 1 0 0 0 0 0 1 0 0 0
10.31 8.43 0 2 0 0 2 0 0 2 2 2 2 0 0 0 0 0 2 2 0 0 2 0 2 0 0 0 0 0 0 0 2 0
10.42 10.11 0 0 1 0 0 0 0 0 1 1 1 1 0 0 1 0 1 1 0 0 1 0 1 0 0 0 0 0 1 0 0 0
8.29 10.66 0 0 1 0 0 0 0 0 1 1 1 0 0 0 1 0 1 1 0 0 1 0 1 0 0 0 0 0 0 1 0 0
10.22 9.4 0 1 0 0 2 0 0 2 2 2 2 0 0 0 0 0 2 2 0 0 2 0 2 0 0 0 0 0 0 0 2 0
10.46 10.09 0 0 0 0 1 0 0 1 1 1 1 0 0 1 0 1 1 1 0 0 1 0 1 0 0 0 0 0 0 0 1 0
8.08 9.54 0 0 1 0 0 0 0 0 0 0 0 0 0 1 0 1 0 0 0 0 0 0 0 0 0 0 0 1 0 0 0 0
9.4 9.57 0 0 1 0 1 0 0 1 1 1 1 0 0 0 0 0 1 1 0 0 1 0 1 0 0 0 0 0 0 0 1 0
9.79 12.43 0 0 0 0 1 1 1 1 1 1 1 0 0 0 0 0 1 1 0 0 1 0 1 1 0 1 1 0 0 0 1 0
10.09 9.58 0 0 0 0 0 0 0 0 1 1 1 0 0 1 1 1 1 1 0 0 1 0 1 0 0 0 0 0 0 0 0 0
9.43 11.12 0 1 0 0 1 0 0 1 1 1 1 0 0 1 0 1 1 1 0 0 1 0 1 0 0 0 0 0 0 0 1 0
9.55 10.64 0 2 0 0 2 0 0 2 2 2 2 0 0 0 0 0 2 2 0 0 2 0 2 0 0 0 0 0 0 0 2 0
11.49 8.89 0 0 0 0 0 0 0 0 1 1 1 0 0 1 1 1 1 1 0 0 1 0 1 0 0 0 0 0 0 0 0 0
12.83 11 0 0 0 0 0 0 0 0 0 0 0 0 0 2 0 2 0 0 0 0 0 0 0 0 0 0 0 0 0 0 0 0
12.26 10.45 0 0 0 0 0 0 0 0 0 0 0 0 0 2 0 2 0 0 0 0 0 0 0 0 0 0 0 0 0 0 0 0
12.43 11.36 0 1 0 0 2 0 0 2 2 2 2 0 0 0 0 0 2 2 0 0 2 0 2 0 0 0 0 0 0 0 2 0
9.47 11.52 0 0 0 0 1 0 1 1 1 1 1 0 0 0 0 0 1 1 0 0 1 0 1 1 0 1 1 0 0 0 1 0
9.42 10.69 0 0 2 0 0 0 0 0 0 0 0 0 0 0 0 0 0 0 0 0 0 0 0 0 0 0 0 0 0 0 0 0
9.16 10.2 0 1 0 1 2 0 0 2 2 2 2 0 0 0 0 0 2 2 0 0 2 0 2 0 0 0 0 0 0 0 2 0
10.97 12.45 0 0 0 0 0 0 0 0 0 0 0 0 0 2 0 2 0 0 0 0 0 0 0 0 0 0 0 0 0 0 0 0
8.4 12 0 1 0 0 1 0 1 1 1 1 1 0 0 0 0 0 1 1 0 0 1 0 1 1 0 1 1 0 0 0 1 0
10.31 10.51 0 0 1 0 1 0 0 1 1 1 1 0 0 0 0 0 1 1 0 0 1 1 1 0 0 0 0 0 0 0 1 1
11.95 10.52 0 0 0 0 1 0 0 1 1 1 1 0 0 1 0 1 1 1 0 0 1 0 1 0 0 0 0 0 0 0 1 0
10.51 10.24 0 0 2 0 0 0 0 0 0 0 0 0 0 0 0 0 0 0 0 0 0 0 0 0 0 0 0 0 0 0 0 0
9.56 11.14 0 0 0 0 0 0 1 0 1 1 1 1 0 0 1 0 1 1 0 1 1 0 1 1 0 1 1 0 1 0 0 0
10.07 11.23 0 0 0 0 0 0 0 0 0 0 0 0 0 2 0 2 0 0 0 0 0 0 0 0 0 0 0 0 0 0 0 0
9.8 10.06 0 1 0 0 1 0 0 1 1 1 1 0 0 1 0 1 1 1 0 0 1 0 1 0 0 0 0 0 0 0 1 0
10.18 9.66 0 0 0 0 0 0 0 0 0 0 0 0 0 2 0 2 0 0 0 0 0 0 0 0 0 0 0 0 0 0 0 0
10 9.13 0 0 0 0 0 0 0 0 1 1 1 1 0 1 1 1 1 1 0 0 1 0 1 0 0 0 0 0 1 0 0 0
8.32 12.26 0 0 0 0 2 1 0 2 2 2 2 0 0 0 0 0 2 2 0 0 2 0 2 0 0 0 0 0 0 0 2 0
11.01 10.87 0 0 1 0 0 0 0 0 0 0 0 0 0 1 0 1 0 0 0 0 0 0 0 0 0 0 0 0 0 0 0 0
9.39 9.5 0 1 0 0 1 0 0 1 1 1 1 0 0 1 0 1 1 1 0 0 1 0 1 0 0 0 0 0 0 0 1 0
9.61 9.75 0 0 0 0 1 0 0 1 1 1 1 0 0 1 0 1 1 1 0 0 1 0 1 0 0 0 0 0 0 0 1 0
9.75 11.22 0 1 1 0 1 0 0 1 1 1 1 0 0 0 0 0 1 1 0 0 1 0 1 0 0 0 0 0 0 0 1 0
9.88 8.7 0 1 0 0 1 0 0 1 1 1 1 0 0 1 0 1 1 1 0 0 1 0 1 0 0 0 0 0 0 0 1 0
12.53 9.74 0 1 0 0 1 0 0 1 1 1 1 0 0 1 0 1 1 1 0 0 1 0 1 0 0 0 0 0 0 0 1 0
9.68 10.51 0 0 0 0 1 1 1 1 1 1 1 0 0 0 0 0 1 1 0 0 1 0 1 1 0 1 0 0 0 0 1 0
11.2 9.1 0 1 1 0 1 0 0 1 1 1 1 0 0 0 0 0 1 1 0 0 1 0 1 0 0 0 0 0 0 0 1 0
10.06 8.73 0 0 1 0 0 0 0 0 0 0 0 0 0 1 0 1 0 0 0 0 0 0 0 0 0 0 0 0 0 0 0 0
9.91 9.39 0 0 0 0 0 0 1 0 0 0 0 0 0 1 0 1 0 0 0 0 0 0 0 1 0 1 0 0 0 0 0 0
9.46 9.86 0 1 0 0 2 0 0 2 2 2 2 0 0 0 0 0 2 2 0 0 2 0 2 0 0 0 0 0 0 0 2 0
