10.45 9.84 0 0 0 0 1 0 0 0 1 0 0 1 0 0 0 0
10.03 10.94 0 0 0 0 1 0 0 0 1 0 0 1 0 0 0 0
10.04 10.59 0 0 0 0 1 0 0 0 0 0 0 1 0 0 0 0
8.55 8.53 0 0 0 0 0 0 0 0 1 0 1 0 0 0 0 0
10 11.96 0 0 0 0 1 0 0 0 1 0 0 1 0 0 0 0
7.55 10.67 0 0 0 0 0 0 0 0 2 0 0 0 0 0 0 0
11.28 9.41 0 0 0 0 0 0 0 0 1 0 0 0 0 0 0 0
9.03 7.96 0 0 0 0 0 0 0 0 1 0 0 0 0 0 0 0
9.75 10.46 0 0 0 0 1 0 0 0 1 0 0 1 1 0 0 0
10.21 10.29 2 0 0 0 0 0 0 0 0 0 0 0 0 0 0 0
10.73 9.9 2 0 0 0 0 0 0 0 0 0 0 0 0 0 0 0
11.55 11.5 0 0 0 0 2 0 0 0 0 0 0 2 0 0 0 0
10.61 10.1 0 0 0 0 1 0 0 0 0 0 0 1 0 0 0 0
9.25 9.7 0 1 0 0 1 0 0 1 0 0 0 1 0 0 0 0
8.66 7.93 1 0 0 0 1 0 0 0 0 0 0 1 0 0 0 0
9.55 10.66 0 0 0 0 1 0 0 0 1 0 0 1 0 0 0 0
10.33 9.15 1 0 0 0 0 0 0 0 1 0 0 0 0 0 0 0
12.64 8.43 1 0 0 0 1 0 0 0 0 0 0 1 0 0 0 0
9.5 9.91 1 0 0 0 0 0 0 0 0 0 0 0 0 0 0 0
11.1 9.51 1 0 0 0 0 0 1 0 1 0 0 0 0 0 0 0
9.29 11.51 1 0 0 0 0 0 0 0 1 0 0 0 0 0 1 0
9.75 10.95 0 0 0 0 1 0 0 0 0 0 0 1 0 0 0 0
9.35 12 1 0 0 0 1 0 0 0 0 0 0 1 0 0 0 0
10.27 10.01 1 0 0 0 0 0 0 0 0 0 0 0 0 0 0 0
11.35 11.52 1 0 0 0 0 0 0 0 1 0 0 0 0 1 0 0
9.4 8.81 0 0 0 0 1 0 0 0 1 0 0 1 0 0 0 0
10.76 10.73 0 0 0 0 1 0 0 0 0 0 0 1 0 0 0 0
10.51 9.57 0 0 0 0 1 0 0 0 0 0 0 1 0 0 0 0
10.14 13.19 0 0 0 0 1 0 0 0 1 0 0 1 1 0 0 0
10.1 9.41 0 0 0 0 2 0 0 0 0 0 0 2 0 0 0 0
10.05 10.03 0 1 0 0 1 0 0 0 1 0 0 1 0 0 0 0
8.11 9.1 0 0 0 0 1 0 0 0 1 0 0 1 0 0 0 0
11.24 8.99 0 0 0 0 0 0 0 0 1 0 0 0 0 0 0 0
10.11 8.44 0 0 0 0 2 0 0 0 0 0 0 2 0 0 0 0
10.51 10.16 0 0 0 0 1 0 0 0 1 0 0 1 0 0 0 0
12.23 13.49 0 0 0 0 0 0 0 0 2 0 0 0 0 0 1 0
9.2 10.04 0 0 0 0 2 0 0 0 0 0 0 2 0 0 0 0
9.59 12.06 1 0 0 0 1 0 0 0 0 0 0 1 0 0 0 0
11.39 9.05 0 0 0 0 0 0 0 0 1 0 0 0 0 0 0 0
10.94 10.88 0 0 0 0 1 0 0 0 1 0 0 1 0 0 0 0
8.36 8.74 1 0 0 0 0 0 1 0 1 0 0 0 0 0 0 0
7.44 9.22 0 0 0 0 1 0 0 0 0 0 0 1 0 0 0 0
10.13 9.39 0 0 0 0 2 0 0 0 0 0 0 2 0 0 0 0
10.09 10.47 0 0 0 0 0 0 0 0 1 0 0 0 0 0 0 0
10.08 12.14 0 0 0 0 0 0 0 0 1 0 0 0 0 0 0 0
10.15 10.85 0 0 0 0 1 0 0 0 1 0 0 1 0 0 0 0
11.65 11.49 1 0 0 0 0 0 1 0 1 0 0 0 0 0 0 0
10.78 11.01 1 0 0 0 0 0 0 0 1 0 0 0 0 0 0 0
7.68 8.89 0 0 0 0 1 0 0 0 1 0 0 1 0 0 0 0
8.63 10.15 1 0 0 0 0 0 0 0 0 0 0 0 0 0 0 0
12.04 10.32 0 0 0 0 0 0 0 0 1 0 0 0 0 0 0 0
12.2 11.11 0 0 0 0 1 0 0 0 1 0 0 1 0 0 0 0
8.15 9.87 0 0 0 0 1 0 0 0 0 0 0 1 0 0 0 0
9.97 11.21 1 0 1 0 0 0 0 0 1 0 0 0 0 0 1 0
10.87 10.64 0 0 0 0 1 0 0 0 1 0 0 1 0 0 0 0
9.62 11.43 1 0 0 0 1 0 0 0 0 0 0 1 0 0 0 0
8.21 10.73 1 0 0 0 1 0 0 0 0 0 0 1 0 0 0 0
10.8 9.82 1 0 0 0 1 0 1 0 0 0 0 1 0 0 0 0
11.05 10.76 1 0 0 0 0 0 0 0 0 0 0 0 0 0 0 0
9.98 10.35 0 0 0 0 1 0 0 0 0 0 0 1 0 0 0 0
9.38 9.19 1 0 0 0 0 0 0 0 0 0 1 0 0 0 0 0
9.12 9.36 0 0 0 0 0 0 0 0 1 0 0 0 0 0 0 0
10.06 8.32 1 0 0 0 1 0 0 0 0 0 0 1 0 0 0 0
10.68 11 1 0 0 0 0 0 1 1 0 0 0 0 0 0 0 0
8.79 9.76 0 0 0 0 0 0 0 0 1 0 0 0 0 1 0 0
8.46 10.44 2 0 0 0 0 0 1 0 0 0 0 0 0 0 0 0
10.09 10.18 1 0 0 0 0 0 0 0 1 0 0 0 0 0 0 0
8.22 12.79 0 0 1 0 0 0 0 0 2 0 0 0 0 0 1 0
9.09 9.58 0 0 0 0 1 0 0 0 1 0 0 1 0 0 0 0
9.6 11.84 1 0 0 0 1 0 1 0 0 0 0 1 0 0 0 1
10.06 10.76 0 0 1 0 0 0 0 0 2 0 0 0 0 0 1 0
11.91 12.28 0 0 0 0 1 0 0 1 0 0 0 1 0 0 0 0
9.25 10.01 0 0 0 0 2 0 0 0 0 0 0 2 0 0 0 0
10.9 8.89 1 0 0 0 1 0 0 0 0 0 0 1 0 0 0 0
8.18 10.04 1 0 0 0 1 0 0 0 0 0 0 1 0 0 0 0
9.84 11.73 0 1 0 0 1 1 0 0 0 0 0 1 0 0 0 0
10.15 9.77 1 0 0 0 0 0 0 0 0 0 0 0 0 0 0 0
10.81 8.2 0 0 0 0 0 0 0 0 1 0 0 0 0 0 0 0
11.11 9.53 0 0 0 0 0 0 0 0 2 0 0 0 0 0 0 0
10.55 9.65 0 0 0 0 2 0 0 0 0 0 0 2 0 0 0 0
10.62 12.19 1 0 0 0 1 0 0 0 0 0 0 1 0 0 0 0
8.87 9.04 0 0 0 0 2 0 0 0 0 0 0 2 0 0 0 0
9.59 9.87 1 0 0 0 1 0 1 0 0 0 0 1 0 0 0 0
9.27 10.63 0 0 0 0 2 0 0 0 0 0 0 2 0 0 0 0
9.31 13.03 1 0 1 0 0 0 0 0 1 0 0 0 0 0 1 0
10.13 9.54 0 0 0 0 2 0 0 0 0 0 0 2 0 0 0 0
9.64 8.87 0 0 0 0 0 0 0 0 0 0 1 0 0 0 0 0
12.67 11.88 1 0 0 0 0 0 0 0 1 0 0 0 0 0 0 0
8.13 10.58 1 0 0 0 1 0 0 0 0 0 0 1 0 0 0 0
10.48 12.22 0 0 0 0 0 0 0 1 1 0 0 0 0 0 0 0
9.53 12.01 0 0 0 0 1 0 0 0 1 0 0 1 0 0 0 0
11.61 9.99 1 0 0 0 1 0 1 0 0 0 0 1 0 0 0 0
11.37 12.97 0 0 0 0 2 0 0 0 0 1 0 2 0 0 0 0
10.41 9.21 0 0 0 0 1 0 0 0 0 0 0 1 0 0 0 0
10.13 10.77 1 0 0 0 1 0 1 0 0 0 0 1 0 0 0 0
9.33 8.68 0 0 0 0 1 0 0 0 0 0 0 1 0 0 0 0
11.26 9.76 0 0 0 1 2 0 0 0 0 0 0 2 0 0 0 0
11.2 10.56 1 0 0 0 0 0 1 0 1 0 0 0 0 0 0 0
10.26 9.22 2 0 0 0 0 0 0 0 0 0 0 0 0 0 0 0
10.44 12.27 0 0 0 0 0 0 0 0 0 0 0 0 0 0 0 0
