0000000010000011101111111000000001001010101100110000010001100000000111100101101111001010000001001000011
1111111111111111111111111111111110111101111111111111111111111111111111111011111111111111111111111111101
1111111111111111111111111111111110111111101111111111111111111111111111111011111111111111111111111111101
1111111111111111111111111111111110111101111111111111111111111111111111111111111110111110111111111111101
1111111110000011101111111000000001001011000011111111111111111111111111110111100011011000110001001000011
1111111111111111111111111111111110111101011111111111111111111111111111111011111111111111111001010100011
1111111111111111111111111111111110111101011111110111111111111111111111111011011111111111111000010100011
1111111111111100000100001000111111111111000001111111111111111111111111110111001011111110000001010100011
1111111111111111111111111111111110111111101111111111111111111111111111111011111111111111111111111111101
1111111111111111111111111111111110111101111111111111111111111111111111111011111111011010001001010110011
1111111111111101101111111000111111111111101100110000010001100000000111100101001111001010001001010100011
1111111111111111111111111111111110111101111111111111111111111111111111111011111111111111110111111111101
1111111111111000000100001000111111111111101100110000010001100000000111100101001111001010000001010100011
0000000010000111101111111000111111111111101100110000010001100000000111000101001111001010000000010111101
1111111111111111111111111111111110111101111111111111111111111111111111111011111111111111111111111111101
1111111111111111111111111111111110111101111111111111111111111111111111111111111111111111111111111111101
1111111111111101101111111000111111001010101100110000010001100000000111100101101111000010000001001011110
1111111110000011101111111000000001011011101100110000010001100000000111000101101110000010000000010100011
1111111111111111111111111111111111111101111111111111111111111111111111111011111111111111111111111100011
1111111111111100000100001000111111111111101100110000010001100000000111100101101011001010000111111111101
1111111111111111111111111111111110111101111111111111111111111111111111111011111111111111111111111111101
0000000010000011101111111000000001001010101100110000010001100000000111100101101111000010000001110100011
1111111101111100000100000000111001011111000011111111111111111111111111111111011111001010001001010100011
0000000010000011111111111111111110111101111111111111111111111111111111111011111110111111111111111111101
0000000010000011101111111111111110111101111111111111111111111111111111111011111111111111111111111100011
1111111111111111111111111111111110111101111111111111111111111111111111111011111111111111111111111111101
1111111111111100000100000000111001011111000011111111101111111111111111111111011111110111111111111111101
1111111111111111111111111111111110111101111111111111101111111111111111111011111111111111111111111111101
1111111111111111111111111111111110111101111111110111111111111111111111111011111111111111111111111111101
1111111110000011101111111100111111111111000011111111111111111111111111110111001011011110000001001011110
1111111111111111111111111111111110111101111111111111111111111111111111111011111111111111111001010100011
1111111111111111111111111111111110111101111111111111111111111111111111111011111111111111111111111111101
1111111111111100000100101000111111111010101100110000010001100000000111100101101110000010000111111111110
1111111111111100000101001000101111111111001111110111111111111111111111110111101111001010000001010100011
1111111101111100000100000000111001011111000011111111111111111111111111111111011111111110111111111111101
1111111111111101101111111000111111111111000011110111111111111111111111110111001011111111001001010100011
1111111111111111111111111111111110111101111111111111111111111111111111111011111111111111111111111111101
1111111111111100000100001000111111111111000011110111111111111111111011110111101110000010000001010100011
1111111111111111111111111111111110111101111111111111111111111111111111111011111111111111111111111111101
1111111111111111101111111000001001001011101100110000010001100000000111100101101011001010000001010100011
1111111111111111111111111111111110111101111111111111111111111111111111111011111111111111111111111111101
0000000010000011101111111000000001001010101100110000010001100000000111100101101110000010000001010100011
1111111111111111111111111111111110111101111111111111111111111111111111111011111111111111111111111111101
0000000010000001101111111111111110111101111111111111111111111111111111111011111111111111111111111100011
1111111111111111101111111000000001001011101100110000010001100000000111100101101011001010000111111100010
1111111111111101101111111000111111111010101100110000010001100000000111100101100011011000110001001011110
1111111111111111111111111111111110111101111111111111111111111111111111110011111111111111111001001000011
1111111111111100000100001000000001001010101100110000010001100000000111101101001111001010000000010101110
1111111111111100000100001000010001001010101100110000010001100000000111100101101110000010000001001000011
1111111111111111111111111110101110111101111111111111001000010111000000010110100011011000110000001011110
1111111111111100000100001000111111111111000011111111111111111111111111111111011111111111111111111111101
1111111111111100000100001000000001001010101100110000010001100000000111100101101110000010000000001000011
0000000011111100000100000000111001010111101101000011001000010111000000010110100011011000110001001011110
1111111111111111111111111111111111111101111111111111111111111111111111111010111111111111111111111111101
1111111111111111101111111000000001001010101100110000010001100000000111100101101111001010000001001011110
1111111111111111111111111111111110111101111111111111111111111111111111111011111110110010000000010100011
1111111111111100000100001000000000001001101111111111111111111111111111111011111111111111111111111111101
1111111111111111111111111111111111111101111111101111111111110111111111111011111111111111111111111111101
1111111111111101101111111000111111111111000011110111111111111111111111110111001011111110000000101011110
1111111111111111111111111111111110111101111111111111111111111111111111111011111111110111111111111111101
1111111111111100000100001000111111111111101100110000010001100010000111100101001111001010000001010100011
1111111101111100000100001000111111111111000011110111111111111111111111110111101011111110000001010100011
1111111111111111111111111111111110111101111111111111111111111111111111111011111111111111111111111111101
1111111111111111111111111111111110111101111111111111111111111111111111111011111111111111111111111111101
1111111111111111111111111111111110111101111111111111111111111111111111111011111111111111111111111111101
1111111111111111111111111111111110111101111111111111111111111111111111111011111111111111111111111111101
1111111111111111111111111111111110111101111111111111111111111111111111111011111111111111111111111111101
1111111111111111111111111111111110111101111101111111111111111111111111111011111110111111111111111111101
1111111111111100010000000000111001011111000011110111111111111111111111110111101111001010000001011100011
1111111111111101101111111111111110111101111111111111111111111111111011111011111111111111111111111111101
1111111111111111111111111111111110111101111111111111111111111111111111111011111111111111111001010100011
1111111111111111111111111111111110111101111111111111111111110111111111111011111111111111111111111111101
1111111111111100000100001111111110111101111111111111111111111111111111111011111111111111111111111111101
1111111101111100000100001111111110111101111111111111111111111111111111111011111111111111111111111111101
1111111111111100000100001000111111111111101100111000010001100000000111100101001111101110000001010100011
1111111111111100000100001000000001111101111111111111111111111111111111111011111111011011111111111111101
1111111111111111101111111000000001001010101100110000010001100000000111100101101111000010000001010100011
1101100101111100000100001000011111011111000011111111111111111111111111111111011110111111111111111111101
0000000001111100000100001111011110111101111111111111111111111111111111111011111111111111111000010100011
0000000010000011101011111000000001001010101100110000010001100000000111100101101111000011000001010100011
1111111111111111111111111111111110111101111111111111111111111111111111111011111111111111111111111111101
1111111111111100000100000000111001010111101101100011001000010111000000010110100011011000110001001111110
1111111111111111111111111111111110111101111111111111111111111111111111111011111111111111111111111111101
1111111111111101101111111000111111111111000011110111111111111111111111110111001111000010000001010100011
0000000010000011101111111111111110111101111111111111111111111111111111111011111111111111111111111111110
1111111111111111111111111111111110111101111111111111111111111111111111111011111111111111111111111100011
1111111111111111111111111111111110111101111111111111111111111111111111111011111111111111111111111111101
1111111111111100101100000000111001010111101101000011001000010111000000010110100011011000110001001011110
1111111111111111111111111111111110111101111111111111111111111111111111111011111111111111111111111111101
1111111111111111111111111111111110111111101111111111111111111111111111111011111111111111111111111111101
1111111111111111111111111111111110111101111111111111111111111111111111111011111111111111111111111111101
1111111111111101101111111000111111111111000011110111111111111111111111110111001011111110000001001000011
1111111111111111101111111111111110111101111100110000010001100000000111100101001110001010000001010111110
0000000010000011101111111000000001001010101100110000010001100000000111100101101111001010000001010100011
1111111101111100000100000000111001011111000011111111111111111111111111111111011111111111111111111111101
1111111111111111111111111111111110111101111111111111111111111111111111111011111111111111111111111111101
1111111111111111111111111111111110111101111111111111111111111111111111111011111101111111111111111111101
1111111111111110111111111111111110111101111111111111111111111111111111011011111111111111111111111111101
1111111111111111111111111111111110111101111111111111111111111111111111111011111111111111111111111100011
1111111111111111111111111111111110011111000011111111111111111111111111111111011111111111111111111100011
1111111111111100000100001000000001001010101100110000010001100000000111100101011111111111111111111100011
1111111111111100000100001000000001011010101100110000010001100000000111100101001111001010000000010100011
0000000010000011101111111000000001001010101100110000010001100000000111100101101111000010000000110100011
1111111101111100000100000000111001011111000011111111111111111111111111111111011111111111111111111111101
0000000010000011101111111000000001001010101100110000010001100000000111100101101110000010000001001000011
1111111111111100100100001000000001011010101100110000010001100000000111100101001111001010000001010100011
1111111111111111111111111111111110111101111111111111111111111111111111111011111111111111111001010100011
1111111111111111111111111111111110111101111111111111111111111111111111111011111111111111111111111111101
1111111111111111111111111111111110111101111111111111111111111111111111111011111111111111111001010100011
1101101100111100010100000000111001011011000011110111111111111111111111110111101111000010000001011111110
1111111111111111111111111111111110111101111111111111111111111111111111111011111111111111111111111100011
1111111111111111101111111000000001001010101100110000010001100000000111100101101111000010001000010100011
1111111111111111111111111111111110111101111111111111111111111111111010011011111111111111111111111111101
1111111111111111010111111100111110111101111111111111111111111111111111111011110111111111111111111111101
1111111111111111010111111111111110111101111111111111111111111111111111111011111111111111111111111111101
0000000010000011010111111000000001001010101100110000010001100000000111100101100111001100110000001000011
1111111111111111111111111111111111111111000011110111111111111111111111110111001011111110000000010100011
1111111111111100000100001000111111111111101100110000010001100000000111100101001111001010000001010100011
1111111101111100000100001000111111111011101100110000010001100000000111100101001111001010000000010100011
1111111111111100000100001000000001001111101100110000010001100000000111100101101011001010000001011111110
1111111111111100000100001000111111111111101100110000010001100000000111100101001111001010000000010100011
1111111111111100000100001000111111111111101100110000010001100000000111100101001101001010000001010100011
1111111111111111111111111111111110111101111111111111111111111111111111111011111111111111111111111111101
1111111111111100000100001000111111111111101100110000010001100000000111100101001101001010000001010100011
1111111111111111111011111111111111111111001111111111111111111111111111011111111111110111111111111111101
0000100010100011101111111000000001001010101100110000010001100000000111100101101111000010001001011100011
0000000010000011101111111100111111111111000011110111111111111111111111100111001011111110001001001011110
1111111111111111111111111111111110111101011111111111111111111111111111101011111111111111111111111111101
1111111111111111111111111111111110111101111111111111111111111111111111111011111111111111111111111111101
0000000011111111111111111111111110111101111111111111111111111111111111111011111111011011111001010100011
1111111111111111111111111000111111111111101100110000110001101000000111100101001111001010000001010100011
0000000010000011111011111000000001011010101100110000010001100000000111100101101110000010000001110100011
1111111111111111111111111111111110111101111111111111111111111111111111111011111111111111111111111111101
1111111101111100000100000000111001011111010011110111111111111111111111111111001011111110000001001011110
1111111111111111111111111111111110111101111111111111111111111111111111111011111111111111111111111100011
0000000011111111111111111111111110111101111111111111111111111111111111111011111111111111111111111111101
0000000010000011101111111000000001001010101100110000010001100000000111100101101111001010000000010100011
1111111111111100000100001000011111111111101100110000010001100000000111100101101011001010000001011111110
1111111111111111111111111111011110111101111111111111111111111111111111111011111111111111111111111111101
0000000010000011101111111000000001001010101100110000010001100000000111100101101111001010000000010100011
1111111111111111111111111111111110111101111111111111111111111111111111111011111111111111111111111100011
0000000010000011101111111000000001001010101100110000010001100000000111100101001111001010000001010100011
1111111111111111101111111000000001111101111111111111111111111111111111111011111101111111111111111100011
1111111111111111111111111111111110111101111111111111111111111111111111111011111111111111111111111111101
1111111111111111111111111111111110111101111111111111111111111111111111111011111111111111111111111111101
1111111111111111111111111111111110111101111111111111111111111111111111111011111111111111111111111100011
1111111111111111111111111111111110111111000011110111111111111111111111110111001011111110000001001011110
1111111111111100010100000000111001010111111101001011001000010111000000011010111111011001111111111111110
1111111111111100000100000000111001011111000011111111111111111111111111110111011101011010000000010100011
1111111111111111111111111111111110111101111111111111111111111111111111111011111111111111111111111111101
1111111111111111111111111111111110111101111111111111111111111111111111111011111111111111111111111111110
1111111111111111111111111111111110111101111111111111111111111110111111111011111101111111110001011111101
1111111111111111111111111111111110111101111111111111111111111111111111111011111101111111111111111111101
0000000010000011101111111000111111111111101100110000010001100000000111100101001111001010000000010100011
1111111111111111111111111111111110111101111111111111111111111111111111111011111111111111111001010100011
0100001110000011101111111000011111101010101100110000010001100000000111100101001111000010000100101011100
1111111111111100000100000000111001010111101101000011001000010111000000010110100011011000110001010100011
1111111111111100000100001000111111111111101100110000010001100000000111100101001101001010000000010100011
0000000011111111101111111000000001001010101100110000010001100000000111100101101111001010000111111111110
1111111110000011101111111000111111111111101100110000010001100000000111101101001111001010000000010111110
1111111111111111111111111111111110111101111111111111111111111111111111111011111110111111111001001000011
0000000010000011101111111000000001001010101100110000010001100000000111100101101111000011000001010100011
0000000010000011101111111000000001001010101100110000010001100000000111100101101111000010000001010100011
1111111101111100000100000000111001111111101111111111111111111111111111110111011111111111111001011000010
1111111111011101111111111111111111111111000011110111111111111111111111110111001110001010000111111111101
0000000010100000000100001000111111111111101100110000010001100000000111100101001111001010000001010100011
1111111111111111101111111111111110111101111111111111111111111111111111111011111111111111111111111111101
1111111111111101101111111000111111001010101100110000010001100000000111100101101111000011000001010100011
1111111111011100000100000000111001001010101100110000010001100000000111100101101110000010000000010100011
1111111101111111101111111000000001011110101100110010010001111011001111110111101111101010000001010100010
1111111111111100000100000000111001010111101101000011001000010111000000010110101011011000110001001011110
0000000010000011101111111000000001001011101100110000010001100000000111100101100110001010000001010100011
1111111101111100000100001111111110111101111111111111111111111111111111111011111111111111111111111111101
1111111101111100000100001111111110111101111111011111111111111111111111111011111101110111111111111111101
1111111111111111111111111111111110111101111111111111111111111111111111111011111101111111111111111111101
0000000001111100000100001000111111111111000011110111111111111111111111110111001011111110000001010100011
1111111101111100000100000000111001011111000011111111111111111111111111111111011111111111111001010100011
1111111111111100000100001000111111111111101100110000010001100000000111100101001111110110000001010100011
1111111111111111111111111111111110111101111111111111111111111111111111111011111111011011111111111111101
1000101110100011101111111000000001011111101100110000010001100000000111100101001011101110000001111100011
1111111111111111111111111111111110111101111111111111111111111111111111111011111111111111111111111111101
0000000010000011101111111000000001001010101100110000010001100000000111100101101110000010000001110100011
1111111111111101101111110000111001011111000011110111111111111111111111110111101110111110000001010100011
1111111111111111111101111111111110111101111111111111111111111111111111111011111111011011111111111111101
1111111111111111111111111111111110111101111111111111111111111111111111111011111101111111111111111100011
1111111111111111111111111111111110111111101111111111111111111111111111111011111111111111111111111111101
1111111111111111111111111111111110111101111111111111111111111111111111111011111111111111111111111111101
0000000011111100000100000000111001010111101101000011001000010111000000010110100001011000111111111111101
1111111111111111111111111111111110111101111111111111111111111111111111111011111111111110111111111100011
1111111111111100000100000000111001010111101101000011001000010111000000010110100001011001110001101011110
1111111111111111111111111111111110111101111111111111111111111111111111111011111101111111111111111111101
1111111111111111111111111111111110111101111111111111111111111111111111111011111111111111111111111111101
0000000111111111111111111111111110111101111111111111111111111110111111111011111111111111110111111111101
0000000010000011101111111000000001001010101100110000010001100001000111100101101111000010001000101000011
1111111111111100000100001000111111111111000011110111111111111111111111110111001011111110001000110100011
1111111111111100000110001000111111111111101111110111111111111111111111110111101111001010001111011111110
1111111111111100000100000000111001010111101101000011001000010111000000010110100011011000110001001011110
0000000011111101111011111000111111111111000011110111111111111111111111100111001111111110000000101100011
1111111111111100010100101111111110111101111111111111111111111111111111111011111111111111111111111111101
1111111111111101101111111000111111111111000011110111111111111111111111110111001011111110000001010100011
1111111111111100000100001000111111111111000011110111111111111111111111110111001011111110000001010100011
1111111111111101101111111000111111111111000011110111111111111111111111110111001011011001110000001011110
1111111111111100101100101000111111111010101100110000010001100000000111100101101111001010000111111111110
1111111111111101111011010000111001011111000011111111111111111111111111111111011011011000111001111111101
1111111111111111111111111111111110111101111111111111111111111111111111111011111111111110111111111111101
1111111111111100000110000000111001010111101101000011001000010111000000010110100001011001111001001011110
1111111111111111111111111111111110111101111111111111111111111111111111111011111101111111111111111111101
0000000010000011101111111111111110111101111111111111111111111111111111111011111111111111111111111100011
1111111111111111111111111111111110111101111111111111111111111111111111111011111111111111111000001000011
1111111110000011111111111111111110111101111111111111111111111111111111111011011101111111111111010100011
1111111111011111111111111111111110111101111111111111111111111110111111111011111101111111111001001000011
0000000010100011101111111000000001001010101100110000010001100000000111100101101111000010000000010100011
0000000010000000000100001000000001001010101100110000010001100000000111100101101111000010000000001000011
1111111101111100000100000000111001011111000011111111111111111111111111111111011111111111111111111111101
1111111111111111111111111111111110101101111111111111111111111111111111111011111111111111111111111111101
1111111111111100000100001000000001001010101100110000010001100000000111100101100001011000110001010100011
1111111111111111111111111111111110111101111111111111111111111111111111111011111111111111111111111111101
1111111111111100111100000000111001010111101101000011001000011111000000110110100011011000110001101011110
0000000010000011101111111111111110111101111111111111111111111111111111111011111111111111111111111000011
0000000011111101101111111000111111111111000011110111111111111111111111110111001011111110000001001000011
1111111111111111111111111111111110111101101111111111111111111111111111111011111111111111111111111100011
1111111111111111111111111111111110111101101111111111111111111111111111111111111111011001111011111111101
1110111111111100000100000000111001010111111101010011001000010111000000110110101011011000000111111111110
0001000010000011101111111000000001001010101100110000010001100000000111100101111111000010000001010100011
1111111111111111111111111111111110111101111111111111111111111111111111111011111101111111111111111100011
1111111111111100000100000000111001010111101101100011001000010111000000010110100011011000110001101011110
1111111111111111111111111111111110111101111111111111111111111111111111111011111111111111111111111111101
1111111101111100000100001000111111111111000011110111111111111111111111110111001011111110000001110100011
1111111111111111111111111111111110111101111111111111111111111111111111111011111111111111111001101111110
1111111111111111111111111111111110111101111111111111111111111111111111111011111111011011111000110100011
0000000010000011111111111111111110111101111111111111111111111111111111111011111111111111111111111111101
1111111111111100000100000000111001010111101101000011001000010111000000010110100011011000110001001011110
1111111111111111111111111111111110111101111111111111111111111111111111111011111111111111111111111111101
1111111111111100000100001000000001001010101100110000010001100000000111100101001101001010000001010100011
1111111111111101101111111000111111111111101100110000010001100000000111100101001111001010000001010111110
1111111110000011101111111000000001001010101100110000010001100000000111100101101101000010000000010100011
1111111111111100000100001000111111111111101100110000010001100000000111100101001111001010000111111100011
1111111111111111111111111111111110111101111110111111111111111111111111111011111101111111111111111110101
1111111111111100000100001000111111111111101100110000010001100000000111100101001111001010000001010100011
1111111111111101101111111111111110111101111111111111111111111111111111111011111101111110111110111100011
0000000010000011101111111000000001001010101100110000010001100000000111100101101111000010000111111111101
1111111111111100101100001000000001001010101100110001010001100000000111100101001111001010000001110100011
1111111111111111111111111111111110111101111111111111111111111111111111111011111111111111111111111100011
0000000010000011110111111000000001001010101100110000010001101000000111100101001111110110000001001000011
1111111111111111111111111111111110111101111111111111111111111111111111111011111111111111111111111111101
1111111111111100000100001000111111111101111111111111111111111111111111110011111111111111111111111111110
1111111111111111111111111111111110111101111111111111111111111111111111111011111111111111111111111111101
1111111111111101101111111000111111111111000011110111111111111111111111110111001011111110000001101000011
1111111111111101101111111000000001001010101100110000010001100000000111100101101111000010000001110100011
1111111111111111111111111111111110101101111111111111111111111111111111111011111111111111111111111111101
1111111111111100000100101000111111111010101100110000010001100000000111100101101111000010000111111111101
1111111111111111111111111111111110111101111111111111111111111111111111111011111111111111111111111111101
1111111111111100111100001000000001001010101100110000010001101000000111100101101111000010000001010100011
1111111111111111010111111111111110111101111111111111111111111111111111111011111111111111111111111111111
1111111111111101111011111000111111111111101100110001010001100000000111101101001111001010000001010111110
1111111111111111111111111111111110111101111111111110111111111111111111110011111111111111111111110111101
1111111111111111111111111111111110111101111111111111111110111111111111110010111111111111111000010100011
1111111111111111111111110000111001010111101101000011001000010111000000010110100001011000110001001011110
1111111111111100000100000000111001010111101101000011001000010111000000010110100001011000110001010100011
1111111111111111111111111111111110111101111111111111111110111111111111110010111111111111111111111111101
1111111111111111111111111111111110111101111111111111111111111111111111111011111111111110111111111111101
1111111111111101101111111000111111111111101100110000010001100000000111100101001111001010000001010111110
0000100001111100101110001000111111111111000011110111111111111111111111110111001011111110000000010100011
1111111111111101101111111000111111111101111111111111111111111111111111111011111111111111111111111111101
1111111111111100000100001000111111111111101100110000010001100000000111100101001111001010000001010100011
1111111101111100101100000000111001011111000011111111111111111111111111111111011111111111111001010100011
1111111111111111111111111111111110111101111111111111111111111111111111111011111111111111111111110100011
1111111101111100101100000000111001011111000011111111111111111111111111111111011111111111111001111100011
1111111111111100000100001000111111111111000011110111111111111111111111110111001011111110000001001011110
0000000010000011101111111111111110111101111111111111111111111111111111111011111111111111111111111111101
1111111111111100000110000000111001010111101101000011001000010111000000010110100011011000110000001011110
1111111111011100000100001000111111111111000011110111111111111110111111110111001011111110000001001000011
1111111111111111111111111111111110111101111111111111111111111111111111011011111111111111111111111111101
1111111011111101111011111000111111111111101100110000010001100000000111000101001111001010000000010100011
1111111111111111111011111111111110111101111111111111111111110111111111111011111111111111111111111111101
1111011111111111111111111111111110111111111111111111111111111111111111111111111111111111111111111111101
1111111111111111111111111111111110111101111111111111111111111111111111111011111111111111111111111100011
1111111111111111111111111111111110111101111111111111111111111111111111111011111111111111111111111111101
0000000010000011101111111000001001001010101100110000010001100000000111100101101110000010000001001000011
1111111111111100000100000000110001010111101101000011001000010111000000010110100011011000110001001011110
1111111111111111111111111111111110111101111111111111111111111111111111111011111111111111111001010100011
0000000011111111111111111111111110111101111111111111111111111111111111111011111111111111110000010100011
1111111111111111111111111111111110111101111111111111111111111111111111111011111111111111111111111100011
0000000010000011101011111000000001001010101100110000010001100010000111100101001110001010000001010111110
1111111111111111111111111111111110111101111111111111111111111111111111111011111111111111111111111111101
1111111111111100000100000000111001011111001111111111111111111111111111111011111101111110111111111111101
1111111111111111111111111111111110111101111111111111111111111111111111111011111101111110111111111111101
1111111111111111111111111111111110111101111111111111111111111111111111111011111111111111111111111111101
1111111111111111111111111111111110111101111111111111111111111111111111111011111111111111111111111111101
1111111111111101101111111000111111111111000011110111111111111111111111110111001110000010000001010100011
1111111111111111111111111111111110111101111111111111111111111111111111110011111111110111111111111111101
1111111111111100000100001000111111111111101100110000010001100000000111101101001110001010000001010100011
1111111111111111111111111111111110111101111111111111111111111111111111111011111111111111111111111111101
0000100001111100101110001000111111111111000011110111111111111111111111110111001011111110000001010100011
0000000010000011101111111000000001001010101100110000010001100000000111100101101111000010000001010100011
1111111111111100000100001000111111111111101100110000010001100000000111100101001111001010000000010100011
1111111111111111111111111111111110111101111111111111111111111111111111111011111111111111111001010100011
0000000011111101101111111000000001001010101100110000010001100000000111100101101110100011000000010100011
1111111101111100000100000000111001011111000011111111111111111111111111111111011111111111111001011111110
0000000011111111111111111111111110111101111111111111111111111111111111111011111111111111110000010100011
1111111111111111111111111111111110111101111111111111111111111111111111111011111111111111111111111111101
0000000010001001101011111000111111111010101100110000010001100000000111100101100011011000110001001011111
1111111111111100110000001000000001011010101100110000010001100000000111100101001111001010000001010100011
1111111101111110000100000000111001001111000011111111111111111111111111111111011111111111111111111111101
0000000010000011101111111000000001001010101100110000010001100000000111100101101111001010000111111111110
1111111111111100111100001000111111111111101100110000010001101000000111100101001111001010000001010100011
1111111111111111111111111111111110111101111111111111111111111111111111111011111111111111111111111100011
0000000011111100010100000000111001010111101101000011001000010111000000010110100011011000110001001111110
1111111111111111111111111111111111111101111111111111111111111111111111111011111111111111111111111111101
1111111101111100000100000000111000011111000011111111111111111111111111111111011111111111111111111111101
1111111111111111111111111111111110111101111111111111111111111111111111111011111111111111111111111111101
1111111111111111010111111111111110111101111111101111111111111111111010011011111111111111111111111111101
0000000010111101101111111000111111111111000011110111111111111111111111110111001111000010000001010100011
1101100110000011101111111000000001001010101100110000010001100000000111100101101111001010000001010100011
1111111111111101101111111000111111111111000011110111111111111111111111110111001011111110000001001000011
1111111111111101101111111000111111001010101100110000010001100000000111100101100111110110000001001011110
1111111111111100000100001000111001010111101101000011001000010111000100010110101011011000100001101011110
1111111111111100001100000000111001011111010111111111111111111111111111111111011111111111111111111111101
1111111111111111111111111111111110111101111111111111111111111111111111111011111111111111111111111111101
1101111111111111111111111101111110111101111111110111111111111111111111111011111111111111111111111111101
1111111111111111111111111111111110111101111111111111111111111111111111111011111111111111111111111111101
0000000010000011101111111000000001001010101100110000010001100000001111100101101111000010000001001000011
1111111111111101101111111000011111111111101111110111111111111111111111110111101110001010000001010100011
0000000010000011101111111000000001001010101100110000010001100000000111100101101111000010000000010100011
1111111111111111111111111111111110111101111111111111111111111111111111111011111111111111111111111111101
0000000010000011101111111000111111111111000011110111111111111111111111110111001011111110000000101011110
1111111111111111111111111111111110111101111111111111111111111111111111111011111111111111111111111100011
0000000010000011101111111000111111111111101100100000010001100000000111100101001111001010000111111111101
1111111111111100000100001000111111111111101100110000010001100000000111100101001111001010000001010100011
1111111111111101101111111000111111111111000011110111111111111111111111110111001011111110000000010100011
1111111111111111111111111111111110111101111111111111111111111111111111111011111111111111111111111111101
0000000010000011101111111000000001001010101100110000010001100000000111100101101111000010000001010100011
1111111111111111101111111111111110111101111111111111111111111111111111111011111111111111111111111111101
1111111111111111101111111000000001111101111111111111111111111111111111111011111111111111111111111100011
0000000010000011101111111000011111111111000011110111111111111111111111110111001011111110000001010100011
0000000010000011101111111111111110111101111111111111111111111111111111111011111111111111111111111111110
1111111111111111111111111111111110111101111111111111111111111111111111111011111111111111111111111100011
1111111111111111111111111111111110111101111111111111111111111111111111111011111111111111111001010100011
1111111111111111111111111111111110111101111111111111111111111111111111111011111111111111111111011111101
1111111111111100000100000000111001010111101101000011001000010111000000010110100011011000110001101011110
1111111111111111111111111111111110111101111111111111111111111111111111111011111111111111111111011111101
0000000010000001101111111000000001001010101100110000010001100000000111100101101111000010000001110100011
1111111101111100000100000000111001011111000011111111111111111111111111111111011111111111111111111111110
1111111111111111111111111111111110111101111111111111111111111111111111111011111111111111111111111111101
1111111111111111111111111111111110111101111111111111111111111111111111111011111111111111111111111111101
1111111110000011101111111000000001001010101100110000010001100000000111100101101111000010000001010100011
0000000010000011101111111000000001001010101100110000010001100000000111100101101111001010000001010100011
1111111111111111111111111111111111111101101011111111111111111111111111111011001001111110110001110100011
1111111111111100000100001000000001001110101100110000010001100000000111100101001111001011000001010100011
0000000010000011101111111111111110111001111111111111111111111111111111111011111110111111111111111111110
1111111111111111111111111111111110111101111111111111111111111111111111111011111111111111111111111100011
1111111111111100000100000000111001010111101101000011001000010111000000010110100011111000110001001011110
1111111111111111101111111000000001011111000011111111111111111111111111111111011111111111111111111100011
1111111111111111111111111111111110111101111111111111111111111111111111111011111111111111111001001000011
1111111111111111111111111111111110111101111111111111111111111111111111111011111111111111111111111111101
1111111111111100000100001000111111111111010011110111111111111111111111110111001011111110000001010100011
1111111111111100000100001000111111111111101100110000010001100000000111100101001111111110000001001011110
1111111111111111101111111000000001001010101100110000010001100000000111100101101111000010000000011111110
0000000010000011101111111000000001001010101100110000010001100000000111100101101111000010000000010100011
1111111111111111111111111111111110111101111111111111111111111111111111111011111111111111111111111111101
1111111111111100000110000000111001010111101101000011001000010111000000010110100011011000110001001011110
1111111101111100000100001000000001001010101100110000010001100000000111100101100011011000110001010100011
1111111111111100000100001000111111111111000011111111111111111111111111111111101111001010000001010100011
1111111101111100000110000000111001010111101101000011001000010110000000010110100011011000110000001000011
1111111111111101101111111000000001001011000011110111111111111111111111110111001011111110000001010100011
1111111111111100010100001000111111111111101100110000010001101000000111100101001111001011000000010100011
1111111111111100101100001111111110111101111111111111111111111111111111111011111111111111111111111111101
1111111110000011000111111000000001001010101100110000010001100000000111100101101111000100100001001011110
1111111111111101101011111000111111111111000011110111111111111111111111110111001011110110000001010100011
1000101101111111101111111000000001011111000011110111111111111111111111110111100011011000110000011111111
1101101101111100000100001000000001111111001001100111011011110111100111110111001111001010000000001000011
1111111101111111101011111000000001011111000011110111111111111111111111110111100011011000110001011111111
1111111110000011101111111111111110111101111111111111111111111111111111111011011111111111111111010100011
1111111101111100101110000000111001011111000011111111111111111111111111111111011111111111111000010100011
0000000010000011101111111111111110111101111111111111111111111111111111111011111111111111111111111111101
1111111111111111111111111111111110111001111111111111111111111110111111111011111111110111110111111111101
1111111111111111111111111000000001001110101100110000010001100000000111100101001111001010000111010101101
1111111111111101101111111111111110111101111111111111111111111111111111111111111111111111111001111110011
1111111111111100000100000000111001010111101101000011011000010111000000010110101011111110000000001000011
1111111111111100000110001000111111111111101100110000000001100000000111100101001111001010000001010100011
1111111111111100000110001000111111111111000011110111111111111111111111110111001011111110000001010100011
1111111111111100010100001000000001001011000011110111111111111111111111110111100011011000110000001000011
1111111111111100000100000000111001010111101101000011001000010111000000010110100011011100110000001011110
1111111111111111111111111000000001001010101100110000010001100000000111100101101111110110000001001011110
1111111111111111101111111111111110111101111111111111111111111111111111111011111111111111111111111111101
1111111111101100010100000000111001010111101101000011001000010111000000010110100011011000110001001011110
1111111111111111111111111111111110111101111111111111111111111111111111111011111111111111111111111111101
1111111111111111111011111111111110111101111111111111111111111111111111111011111111111111111111111111101
1111111111111111111111111111111110111101111111111111111111111111111111111011111111111111111111111111101
1111111111111111111111111111111110111101111111111111111111111111111111111011111111111111111111111111101
0000000010000011101111111111111110111101111111111111111111111111111111111011111111111111111111111111101
1111111111111100000100000000111001010111101101000011001000010111001000010110100011011000110001001011110
1111111111111111111111111111111110111101111111111111111111111111111111111011111111111111111111111111101
1111111111111100010100001111111110111101101111111111111111111111111111111011111111001011001001010100011
1111111111111100000000001000111111111111101100110000010001100000000111100101001111111110000001010111101
1111111111111111111111110111111110111101101011111111111111111111111111111111111111111111111011111111101
0000000010000011111011111000000001011010101100110000010001100000000111100101101110000110000111111111101
1111111111111101101111111111111110101101111111111111111111111111111111111011111111111111111111111111101
1111111111111101101111111000000001001010101100110000010001100000000111100101101111011100110001001011110
1111111111111100000100001000111111111111101100110000010001100000000111100101001110111110000000010100011
0000000010000011101111111000000001001010101100110000010001100000000111100101101111110110110001001000011
0000000010000011101111111111111110111101111111110111111111111111111111111011111111001011001111111100011
1111111111111100000000001000111001010111101101000011001000010111000000010110101011011000110001001011110
1111111111111100010100000000111111111111000011110111111111111111111111110111000111111110000000010100011
1111111111111111111011111111111110111101111111111111111111111111111111111011111111111111111111111100011
1111011111111100010100001000000001011010101100110000010001100000000111100101001111001010000001010100011
1111111111111111111111111111111110111101111111111111111111111111111111111011111111111111111111111111101
1111111111111101111011111000111111111111101100110000010001100000000111100101001111001010000001010100011
1111111110000011111011111000011111011010101100110000010001101000000111100101101111001010000001011111110
1111111111111100101100001011111110111101011111110111111111111111111111111111111011011001111000111000101
1111111111111111111111111111111110111101111111111111111111111111111111111011111111111111111111111111101
1111111111111101111011111000111111111111101111110111111111111111111111110111101111001010000001010100011
1111111111111111111111111111111110111101111111111111111111111111111111111011111111111111111111111111101
1111111101111100000100000000111001011111000011111111111111111111111111111111011111111111111111111111101
1111111111111101111011111000111111111111000011110111111111111111111111110111001011111110000001010100011
0100000111111101101111111000111111111111000011110111111111111111111111111111001011111110000000001111110
1111111111111101000100001000000001001010101100110000010001100000000111100101001111001010000000010100011
1111111111111111111111111111111110111101011111111111111111111111111111111011111111111111111001010100011
1111111111111110101111111000111111011010101100110000010001100000000111100101101111000010000001001011110
1111111111111101111011111000000001001011101100110111111111111110111111111011111111001010000000010100011
1111111111111100000100001000111111111111101111110111111111111111111111110111101111001010000111111111110
1111111111111111111111111111111110111101111111111111111111111111111111111011111111111111111111111111101
1111111111111100000000001000111111111111101100110000010001100000000111100101001111001010000001010100011
0000100011111101101111111000111111111111000011110111111111111111111111110111001011111110000111111111101
1111111111111111111111111111111110111101111111111111111111111111111111111011111111111111111111111100011
1111111111111100000100001000111111111111101100110000010001100000000111100101001101001010000000010100011
1111111111111100000100001000111111111111101100110000010001100000000111100101001111001010000000001000011
1111111111111111111111111111111110111101111111111111111111111111111111111011111101111111111111111111101
1111111101111100101110000000111001011111000011110111111111111111111111110111101110001010000001010100011
1111111111111111111111111111111110111101111111111111111111111111111111111011111111111111111111111100011
1111111111111111111111111111111110111101111111111111111111111111111111111011111111111111111001001000011
1111111111111111101111111000000001001010101100110000010001100000000111100101101110000010000001010100011
1111111111111100000100001000000001011110101100110000010001100000000111100101001111001111000001010100011
1111111111111111111111111111111110101101111111111111111111111111111111111011111110111110111111111111101
1111111111111111111111111111111110111111111111111111111111111111111111111011111111111110111111111111101
1111111111111101111111111111111110111101111111111111111111111111111111111011111111111110110111111100011
1111111111111111101111111000000001001010101100110000010001100000000111100101101111000010000001010100011
1111111111111111111111111111111110111101111111101111111111111111111111111011111111111111111111111111101
1111111111111111111111111111111110111101111111111111111111111111111111111011111111111111111111111111101
0000000011111111111111111111111110111010101100110000010001100000000111100101101110001010000001011100011
1111111111111111111111111111111110111101111111111111111111111111111111111011111111111110111111111111101
0000000010000011101111111000000001001010101100110000010001100000000111100101101111001010000001010100011
0000000010001011111011111000000001001010101100110000010001100000000111100101001111001011000001010100011
1111111110000011111011111000000001011001111111111111111111111111111111111011111111111110111001010111110
1111111111111111111111111111111110111101111111101111111111111111111111111011111111111111111111111111111
1111111111111111111011111111111110111101111111111111111111111111111111111011111111111111111111011111101
0000000010001011101011111000000001001011000011100111111111111111111111110111101011011000110001001100011
1111111111110100000101001000111111111111101111110111111111111111111111110111100111001110000111111000011
1111111111111100000100000000111001010111111101000011001000010111000000010110100011011000110101001011110
1111111111111100000100000000111001011111000011101111111111111111111111111111011111111111111111111111101
1111111111111111111111111111111110111101101111111111111111111111111111111011111111111111111011011111101
1111111111111100000100000000111001010111101101000011001000010111000000010110100011001000110001101011110
1111111111111100010000101111111110111101111111111111111111111111111111111011111111111111111111111111101
1111111011111111111111111111111110111101111111101111111111111111111111111011111111111111111111111111101
1111111111111101101011111000000001001011101000110000010001100000000111000101001011001010000001010100011
1111111111111100010100001000000001011010101100110001010001100000000111000101101111111110000001001000011
1111111111111111111011111111111110111101111111111111111111111111111111111011111111111111111111111111101
1111111111111100010100001000111111111111000011110111111111111111111111110111001011011110000001010100011
1111111111111101111111111111111110111101111111111111111111111111111111111011111111111110111111111111101
1111111111111111111111111111111110111101111111111011111111111111111111111011011111111110111111111111101
0000000010000001101111111000000001001110101100110000010001100000000111100101101111000010000001010100011
0000000010000011111111111111111110111101111111111111111111111111111111111011111111111111111111111100011
0000000010000011101111111000000001001010101100110000010001100000000111100101001111001010000000010100011
0000000010000001101111111000000001001010101100110000010001100000000111100101101111000010000001001000011
1111110111111101111011111111111110111101111111111111111111111111111111111011111111111111111111111111101
0000001010000011101111111000000001001110101100110000010001100000000111100101101111000010000001001000011
1111111111111100000100001000111111111111101111110111111111111111111111110111101111001111000001010100011
1111111111111111111111111111111110111101111111111111111111111111111111111011111101111111111111111111101
1111111111111101111111111111111110111101111111111111111111111111111111111011111111111110111111111111101
1111111111111111111111111111111110111101111111111111111111111111111111111111111111111110111111111111101
1111111111111111111111111111111110111101111111111111111111111011111111111011111111111111110111111100011
1111111111111100000100001000111111111111000011110111111111111011111111110111001011111110001000001011110
1111111111111111111111111111111110111101111111111111111101111111101111111011111111111110111111111100011
1111111111111100000100001000111111111111101111110000010001100000000111100101001110001100110001010100011
0000000010000011101111111000000001001010101100110000010001100000000111100101101111000100110001001000011
1111110110000011101111111000000001011111000011110111111101111111101111110111100011111110000000001000011
0000000010000001111111111111111110111101111111111111111111111111111111111011111111111111111111111111101
0000000010000011101111111000000001001010101100110000010001100000000111100101101110001110000000110100011
1111111111111111111111111111111110111101111111111111111111111111111111111011111111111111111111111111101
1111111110000011101111111000000001001010101100110000010001100000000111100101101111000110000111111100011
0000000010000011101111111000000001001010101100110000010001100000001111100101101111000010000001001000011
1111111111111100000100001000111111111111101100110000010001100000000111100101001110001010000001010100011
1111111111111111111111111111111110111101111111111111111111111111111111111011111111111111111111111111101
1111111111111110111111111111111110111101111111111111111111111111111111111011111111111111111001001000011
0000000010000011101011111111111110111101111111111111111111111111111111111011111111111111111111111100011
1111110111111111111111111111111110111101111111111111111111111111111111111011111111011111111111111100011
1111110111111111111111111111111110111101111111111111111111111111111111111011111111111111110111111111101
0000000010000011101111111000000001001010101100110000010001100000000111100101101111000110001000010100011
1111111111111111111111111111111110111101111111111111111111110110111111111011111111111111111111111111101
0100000110000011101111111000000001001010101100110000010001101000000111100101101111000010000001010100011
1111111111111111111111111111111110111101111100110000010001100000000111100101001111001010000001010111110
1111111111111111101111111000000001111101111111111111111111111111111111111011111111111111111111111100011
1111111111111111111111111111111110111101111111111111111111111111111111111011111111111111111111111100011
1111111111111100000100001000111111111111101100110000010001100000000111100101001101001010000001010100011
1111111111111101111111111111111110111101111111111111111111111111111111111011111111111110111111111111101
0000000001111110010100001000000001001010101100110000010001100000000111100101001111001111000001010100011
1111111101111100000100000000111001011111000011111111111111111111111111111111011111111111111111111111101
0000000010000011101111111111111110111101111111111111111111111111111111111011111111111111111111111111101
1111111111111111111111111111111110111101111111111111111111111111111111111011111111111111111111111111101
0000000010000011101111111000000001001010101100110000010001100000000111100101101111000010000001001011110
1111111111111111111111111111111110111101111111111111111111111111111111111011111111111111111111111111101
1111111111111101111011111000000001111101111111111111111111111111111111111011111111111111111111111111101
0000000010000001101011111000000001001110101100110000010001100000000111100101101111001010000111111111110
1111111111111111111101111000000001011110101100110100010001100000000111100101001111111110000001001011110
1111111111111111111111111111111110111101111111111111111111111111111111111011111111111111111001001000011
1111111111111100000100000000111001010111101101000011001000010111000000010110100011011000110000001011101
0000000010000011101111111111111110111101111111111111111111111111111111111011111111111111111111111111101
1111111110000011101111111111111110111101111111111111111111111111111111111011011111111111111111010100011
1111111111111111111111111111111110111101111111111111111111111111111111111011111111111111111111111111101
1111111111111111111111111111111110111101111111111111111111111111111111111011111111111110111001010100011
1111111101111100000100000000111001010111101101000011001000010111000000010110100011011000110001001000011
1111111111111100000110001000000001001010101100110000010001100000001111100101001111001010000000010101110
1111111101111101010111111000111111111111101100110000010001100000000111100101001111001010000001010111110
0000000010000011101111111000000001001010101100110000010001100000001111100101100011011000110000010100011
0000000010000011101111111111111110111101111111111111111111111111111111111011111111111111111111111100011
0000100010000011101111111000000001001010101100110000010001100000001111100101100011011000110001010100010