"Data File" "Number poly. sites" "Number rare" "Number Common"
"1" 5 18 10 1
"2" 6 18 11 2
"3" 13 21 15 1
"4" 14 16 10 2
"5" 15 19 11 5
"6" 16 19 11 1
"7" 18 17 10 1
"8" 19 21 13 2
"9" 22 23 14 2
"10" 24 15 12 2
"11" 27 27 17 2
"12" 29 22 10 1
"13" 31 19 10 1
"14" 37 23 14 4
"15" 41 16 10 1
"16" 44 17 10 1
"17" 46 16 12 1
"18" 48 20 15 1
"19" 49 18 10 2
"20" 51 17 11 2
"21" 54 20 15 2
"22" 56 21 11 2
"23" 59 21 12 2
"24" 62 20 13 2
"25" 64 21 11 5
"26" 66 24 17 2
"27" 67 24 15 2
"28" 72 20 12 2
"29" 75 18 11 2
"30" 76 21 13 1
"31" 78 20 13 2
"32" 80 17 10 2
"33" 82 16 10 1
"34" 91 20 15 3
"35" 93 21 17 2
"36" 94 16 10 3
"37" 95 17 11 3
"38" 96 20 11 1
"39" 97 21 12 4
"40" 104 20 16 1
"41" 106 18 10 2
"42" 107 17 13 2
"43" 108 18 11 1
"44" 110 15 11 1
"45" 113 16 11 3
"46" 116 19 10 2
"47" 117 25 15 2
"48" 118 17 12 1
"49" 124 22 16 1
"50" 125 17 11 1
"51" 127 16 12 1
"52" 128 20 12 1
"53" 129 18 11 2
"54" 131 17 11 1
"55" 133 22 12 2
"56" 137 22 14 2
"57" 142 23 15 1
"58" 143 17 12 1
"59" 145 25 19 1
"60" 151 17 12 1
"61" 154 26 16 2
"62" 155 23 12 2
"63" 156 22 15 2
"64" 160 18 13 1
"65" 163 19 11 2
"66" 165 19 10 3
"67" 167 20 12 2
"68" 168 22 12 5
"69" 172 16 12 1
"70" 178 26 14 2
"71" 179 21 13 1
"72" 180 15 11 1
"73" 182 18 10 1
"74" 184 18 11 1
"75" 186 15 11 2
"76" 192 20 15 3
"77" 193 27 18 3
"78" 196 19 12 3
"79" 197 18 13 3
"80" 198 22 14 3
"81" 199 31 20 3
"82" 203 17 12 2
"83" 204 25 19 1
"84" 210 20 14 1
"85" 218 21 13 1
"86" 223 26 14 4
"87" 228 27 14 2
"88" 232 14 11 1
"89" 234 20 14 1
"90" 235 22 12 2
"91" 238 19 12 1
"92" 243 24 15 1
"93" 244 20 14 1
"94" 246 19 11 1
"95" 247 22 14 1
"96" 249 25 22 2
"97" 250 20 11 4
"98" 251 15 10 2
"99" 253 16 10 1
"100" 255 16 12 1
"101" 256 23 14 3
"102" 258 21 15 3
"103" 259 21 10 2
"104" 262 23 14 2
"105" 264 19 12 3
"106" 266 22 12 3
"107" 269 22 17 2
"108" 273 20 12 2
"109" 276 20 10 1
"110" 281 15 10 3
"111" 284 16 12 2
"112" 286 18 13 1
"113" 287 24 14 1
"114" 288 19 12 2
"115" 291 22 13 2
"116" 293 18 11 1
"117" 294 21 11 1
"118" 295 20 13 1
"119" 296 15 11 2
"120" 298 15 12 1
"121" 303 18 11 2
"122" 304 22 12 4
"123" 305 22 13 2
"124" 307 20 12 1
"125" 309 18 14 2
"126" 311 20 11 1
"127" 312 21 13 2
"128" 314 20 13 2
"129" 316 16 10 2
"130" 317 21 13 2
"131" 321 20 13 2
"132" 322 18 13 2
"133" 327 27 15 4
"134" 329 18 10 2
"135" 330 22 13 3
"136" 333 15 10 1
"137" 334 18 11 3
"138" 335 20 11 4
"139" 340 27 17 2
"140" 342 21 15 1
"141" 349 21 14 2
"142" 350 25 17 2
"143" 355 16 10 2
"144" 356 21 14 2
"145" 358 22 12 2
"146" 360 17 11 2
"147" 364 22 15 1
"148" 365 21 13 2
"149" 369 16 11 3
"150" 379 18 12 1
"151" 381 21 11 3
"152" 384 26 17 4
"153" 385 21 14 1
"154" 390 17 10 1
"155" 392 20 12 2
"156" 398 19 12 2
"157" 399 17 12 1
"158" 401 18 11 1
"159" 403 18 11 1
"160" 405 18 11 2
"161" 406 16 11 2
"162" 409 24 14 4
"163" 412 15 10 2
"164" 414 18 12 3
"165" 415 18 12 2
"166" 416 25 14 4
"167" 421 12 10 1
"168" 426 15 10 1
"169" 429 22 10 2
"170" 433 25 15 3
"171" 435 20 11 2
"172" 438 25 15 3
"173" 441 15 11 1
"174" 442 16 12 1
"175" 446 18 11 2
"176" 449 19 15 1
"177" 455 17 11 1
"178" 458 16 10 2
"179" 459 19 13 1
"180" 466 17 10 2
"181" 470 22 12 1
"182" 471 15 12 2
"183" 472 19 12 1
"184" 473 22 15 2
"185" 475 19 13 1
"186" 477 27 14 2
"187" 479 21 13 1
"188" 482 23 15 2
"189" 483 23 14 1
"190" 484 20 12 3
"191" 485 19 13 3
"192" 487 23 17 3
"193" 488 13 10 1
"194" 489 22 13 2
"195" 492 20 13 1
"196" 493 22 11 1
"197" 494 24 16 2
"198" 498 23 17 1
"199" 501 16 10 4
"200" 502 21 14 3
"201" 508 25 14 2
"202" 511 21 15 4
"203" 512 20 12 1
"204" 514 22 14 4
"205" 516 18 10 4
"206" 517 24 16 2
"207" 518 22 13 2
"208" 524 21 12 2
"209" 528 23 14 2
"210" 530 22 13 2
"211" 535 15 11 1
"212" 539 18 10 1
"213" 540 22 12 3
"214" 542 24 11 2
"215" 543 22 14 1
"216" 544 16 10 2
"217" 545 18 11 2
"218" 546 19 13 1
"219" 547 17 11 2
"220" 548 29 20 3
"221" 549 18 10 1
"222" 553 23 14 1
"223" 560 17 11 3
"224" 562 24 17 2
"225" 563 21 12 2
"226" 566 22 13 1
"227" 567 17 10 2
"228" 571 18 11 1
"229" 572 24 18 4
"230" 574 18 12 2
"231" 575 19 14 3
"232" 582 20 11 2
"233" 583 19 11 2
"234" 584 20 12 1
"235" 590 15 10 2
"236" 591 25 15 2
"237" 595 19 15 1
"238" 598 16 12 2
"239" 600 20 16 1
"240" 601 18 10 3
"241" 608 18 12 1
"242" 611 15 10 3
"243" 613 21 10 2
"244" 622 20 14 1
"245" 639 19 11 2
"246" 643 24 20 1
"247" 644 17 10 1
"248" 645 19 13 1
"249" 646 19 13 1
"250" 650 17 10 1
"251" 652 24 16 3
"252" 656 27 19 3
"253" 658 28 19 2
"254" 659 21 12 2
"255" 663 22 15 3
"256" 665 17 10 2
"257" 666 18 10 2
"258" 669 23 13 2
"259" 675 17 13 2
"260" 676 22 12 3
"261" 678 19 12 1
"262" 683 22 13 2
"263" 684 27 15 3
"264" 685 25 12 5
"265" 689 19 11 2
"266" 691 18 10 3
"267" 696 18 12 1
"268" 697 14 10 2
"269" 699 18 12 5
"270" 704 20 10 3
"271" 705 15 12 2
"272" 706 23 12 3
"273" 712 21 15 1
"274" 713 17 10 2
"275" 715 22 10 3
"276" 716 20 15 2
"277" 718 17 12 2
"278" 720 20 13 2
"279" 721 20 10 2
"280" 730 21 11 3
"281" 734 23 12 3
"282" 736 19 14 2
"283" 738 16 13 2
"284" 740 17 13 2
"285" 742 20 12 2
"286" 743 21 13 2
"287" 744 24 13 1
"288" 745 26 14 5
"289" 747 20 15 2
"290" 749 16 12 1
"291" 750 17 13 2
"292" 751 18 12 2
"293" 752 20 11 3
"294" 758 16 10 3
"295" 764 14 10 1
"296" 766 22 11 3
"297" 768 15 10 1
"298" 772 18 11 1
"299" 773 19 11 1
"300" 774 17 10 1
"301" 775 21 16 2
"302" 781 16 12 2
"303" 782 19 11 1
"304" 787 24 16 1
"305" 788 26 15 2
"306" 789 26 15 3
"307" 791 22 13 2
"308" 793 19 12 4
"309" 799 20 11 1
"310" 805 23 10 4
"311" 809 16 11 2
"312" 819 20 13 3
"313" 823 17 11 2
"314" 836 22 13 3
"315" 841 23 12 2
"316" 846 20 14 1
"317" 848 18 13 2
"318" 851 21 15 2
"319" 854 20 16 2
"320" 859 14 11 1
"321" 861 23 15 1
"322" 865 17 10 3
"323" 867 19 11 3
"324" 869 14 10 2
"325" 872 21 11 2
"326" 880 22 15 2
"327" 883 19 11 3
"328" 887 18 14 1
"329" 888 17 11 2
"330" 890 22 11 4
"331" 891 24 17 1
"332" 902 20 15 1
"333" 906 17 10 1
"334" 907 19 14 1
"335" 914 24 15 2
"336" 920 20 12 1
"337" 922 20 15 1
"338" 925 16 11 2
"339" 928 27 16 2
"340" 929 21 16 1
"341" 932 23 16 3
"342" 936 14 11 1
"343" 939 21 13 1
"344" 940 18 12 1
"345" 941 24 13 3
"346" 942 17 10 1
"347" 943 20 15 4
"348" 944 17 12 2
"349" 952 23 15 2
"350" 955 17 11 1
"351" 957 18 11 2
"352" 958 22 17 4
"353" 962 24 13 1
"354" 964 25 15 3
"355" 967 14 11 1
"356" 968 18 11 2
"357" 970 18 12 2
"358" 972 21 13 2
"359" 975 23 15 2
"360" 977 22 15 2
"361" 978 20 10 3
"362" 981 18 11 3
"363" 987 15 10 1
"364" 989 18 10 4
"365" 990 22 18 1
"366" 995 20 12 3
"367" 997 20 11 3
"368" 999 19 12 3
"369" 1002 19 12 1
"370" 1004 16 12 2
"371" 1006 26 14 4
"372" 1012 19 14 2
"373" 1014 18 10 1
"374" 1016 21 13 3
"375" 1017 18 10 1
"376" 1018 18 10 1
"377" 1019 15 10 3
"378" 1023 21 14 4
"379" 1025 21 16 3
"380" 1033 21 14 2
"381" 1035 19 13 1
"382" 1038 19 10 2
"383" 1044 18 13 2
"384" 1045 20 13 2
"385" 1046 17 11 3
"386" 1048 20 13 2
"387" 1052 22 12 1
"388" 1054 26 15 2
"389" 1055 16 10 1
"390" 1056 19 10 2
"391" 1057 15 13 2
"392" 1063 22 12 1
"393" 1070 19 10 1
"394" 1076 17 10 2
"395" 1079 16 10 2
"396" 1082 21 11 2
"397" 1084 17 10 3
"398" 1085 22 12 2
"399" 1092 18 11 3
"400" 1094 18 11 1
"401" 1100 22 11 1
"402" 1102 17 11 3
"403" 1103 18 11 2
"404" 1104 21 13 2
"405" 1106 15 12 2
"406" 1107 17 10 1
"407" 1108 15 10 1
"408" 1112 22 11 2
"409" 1114 19 11 2
"410" 1120 20 15 2
"411" 1121 22 11 2
"412" 1122 18 13 3
"413" 1123 20 17 2
"414" 1125 23 16 2
"415" 1126 20 12 1
"416" 1128 17 11 3
"417" 1129 27 17 4
"418" 1130 20 11 2
"419" 1134 18 11 1
"420" 1135 24 14 2
"421" 1136 18 12 1
"422" 1137 20 14 2
"423" 1140 22 15 3
"424" 1142 24 10 4
"425" 1144 21 10 2
"426" 1148 26 18 2
"427" 1149 24 15 1
"428" 1150 17 10 2
"429" 1152 16 10 2
"430" 1157 15 10 2
"431" 1159 25 17 4
"432" 1160 18 11 1
"433" 1163 18 13 3
"434" 1164 22 14 2
"435" 1166 18 13 3
"436" 1169 18 14 1
"437" 1171 20 12 1
"438" 1172 17 10 1
"439" 1173 19 11 1
"440" 1174 20 13 1
"441" 1175 21 14 2
"442" 1176 20 12 2
"443" 1178 22 15 1
"444" 1179 15 12 1
"445" 1181 16 10 1
"446" 1182 22 12 1
"447" 1185 21 11 3
"448" 1190 19 13 1
"449" 1191 25 19 5
"450" 1192 18 10 2
"451" 1196 15 11 1
"452" 1197 18 14 1
"453" 1198 21 12 3
"454" 1199 16 11 3
"455" 1201 23 15 1
"456" 1202 25 15 1
"457" 1203 18 13 1
"458" 1204 16 11 2
"459" 1205 18 10 3
"460" 1206 23 14 4
"461" 1207 28 19 1
"462" 1213 16 11 3
"463" 1215 19 12 3
"464" 1216 21 13 2
"465" 1218 22 13 1
"466" 1219 17 11 2
"467" 1220 19 13 2
"468" 1221 19 10 1
"469" 1222 20 15 1
"470" 1223 20 14 3
"471" 1228 26 20 2
"472" 1229 16 13 1
"473" 1230 22 14 1
"474" 1232 19 11 2
"475" 1233 25 17 2
"476" 1242 21 12 2
"477" 1244 22 14 2
"478" 1250 25 15 1
"479" 1251 20 13 3
"480" 1252 20 10 1
"481" 1255 24 14 2
"482" 1257 21 13 2
"483" 1258 25 12 1
"484" 1260 20 10 1
"485" 1264 17 10 3
"486" 1266 19 11 3
"487" 1268 20 14 1
"488" 1276 18 12 2
"489" 1279 19 10 2
"490" 1286 22 13 1
"491" 1289 19 11 3
"492" 1290 20 13 2
"493" 1291 17 12 2
"494" 1293 20 16 2
"495" 1296 18 12 2
"496" 1299 16 12 1
"497" 1301 17 10 1
"498" 1303 21 13 3
"499" 1304 25 15 3
"500" 1305 25 17 1
"501" 1307 24 13 3
"502" 1311 14 10 2
"503" 1312 18 10 1
"504" 1314 22 15 2
"505" 1321 21 12 4
"506" 1323 19 11 5
"507" 1324 27 20 2
"508" 1330 19 12 1
"509" 1331 21 15 2
"510" 1332 21 14 3
"511" 1339 23 15 2
"512" 1340 23 12 2
"513" 1341 19 11 3
"514" 1342 16 13 3
"515" 1345 22 13 3
"516" 1350 18 10 1
"517" 1352 26 19 2
"518" 1358 21 14 1
"519" 1360 27 14 2
"520" 1366 20 14 3
"521" 1369 21 13 2
"522" 1370 22 16 2
"523" 1372 20 11 2
"524" 1376 15 10 1
"525" 1380 21 11 2
"526" 1384 15 11 2
"527" 1387 23 15 3
"528" 1388 24 15 1
"529" 1389 18 12 1
"530" 1390 18 10 1
"531" 1394 17 11 2
"532" 1398 19 10 2
"533" 1399 19 13 1
"534" 1401 24 14 2
"535" 1404 21 11 2
"536" 1405 18 13 2
"537" 1408 20 13 1
"538" 1409 19 13 2
"539" 1412 18 11 1
"540" 1414 19 12 1
"541" 1420 14 11 1
"542" 1421 23 16 2
"543" 1422 25 15 2
"544" 1427 21 14 1
"545" 1428 24 15 4
"546" 1432 19 13 4
"547" 1433 16 10 2
"548" 1434 14 10 1
"549" 1436 18 10 2
"550" 1437 20 12 1
"551" 1438 16 10 1
"552" 1440 15 12 2
"553" 1441 19 10 3
"554" 1448 20 11 1
"555" 1450 18 12 2
"556" 1451 17 11 3
"557" 1452 25 15 1
"558" 1454 20 16 1
"559" 1457 18 11 2
"560" 1458 14 11 1
"561" 1459 17 10 3
"562" 1461 22 13 2
"563" 1467 16 11 1
"564" 1472 17 15 1
"565" 1477 19 10 1
"566" 1478 16 10 1
"567" 1480 20 11 2
"568" 1483 20 14 2
"569" 1486 23 18 3
"570" 1487 22 14 2
"571" 1490 19 10 4
"572" 1491 23 17 1
"573" 1492 16 10 3
"574" 1494 18 12 1
"575" 1497 20 10 1
"576" 1499 16 12 1
"577" 1503 22 13 2
"578" 1504 15 12 1
"579" 1505 15 11 2
"580" 1509 18 13 2
"581" 1510 20 11 3
"582" 1512 18 13 3
"583" 1516 20 15 3
"584" 1520 17 10 2
"585" 1521 23 15 1
"586" 1522 22 16 2
"587" 1527 18 13 1
"588" 1529 17 10 2
"589" 1530 22 13 2
"590" 1535 21 15 3
"591" 1536 17 10 1
"592" 1539 16 10 2
"593" 1540 25 14 1
"594" 1543 21 14 1
"595" 1546 22 19 1
"596" 1549 20 10 2
"597" 1550 24 15 1
"598" 1551 25 15 1
"599" 1553 21 11 2
"600" 1558 19 12 2
"601" 1561 24 13 1
"602" 1562 22 15 2
"603" 1565 19 11 2
"604" 1566 25 17 2
"605" 1574 22 12 1
"606" 1575 24 11 2
"607" 1576 19 12 1
"608" 1578 22 15 1
"609" 1580 16 10 1
"610" 1583 24 15 2
"611" 1589 17 12 2
"612" 1590 21 14 2
"613" 1591 17 11 2
"614" 1593 17 12 1
"615" 1594 20 12 2
"616" 1596 18 11 2
"617" 1599 21 13 3
"618" 1600 15 10 3
"619" 1602 23 15 1
"620" 1603 19 13 1
"621" 1606 16 11 2
"622" 1609 20 13 4
"623" 1612 16 11 2
"624" 1616 18 12 1
"625" 1617 23 14 1
"626" 1618 20 11 1
"627" 1620 20 14 4
"628" 1621 19 13 1
"629" 1627 30 22 1
"630" 1628 19 13 2
"631" 1629 17 10 1
"632" 1630 17 10 1
"633" 1633 15 10 2
"634" 1634 16 11 1
"635" 1635 18 14 3
"636" 1637 21 16 2
"637" 1638 16 10 1
"638" 1640 20 12 1
"639" 1641 19 12 2
"640" 1642 18 11 1
"641" 1643 24 11 1
"642" 1644 19 11 1
"643" 1646 17 10 2
"644" 1648 22 13 2
"645" 1649 16 10 2
"646" 1650 22 15 1
"647" 1651 20 13 3
"648" 1658 22 12 1
"649" 1660 17 11 1
"650" 1667 20 14 2
"651" 1669 19 10 2
"652" 1675 26 20 1
"653" 1676 26 15 3
"654" 1679 22 16 1
"655" 1681 18 13 1
"656" 1684 18 15 1
"657" 1688 15 10 2
"658" 1692 30 23 2
"659" 1694 13 10 1
"660" 1695 21 13 1
"661" 1698 18 11 3
"662" 1701 18 11 3
"663" 1704 22 18 1
"664" 1705 19 14 2
"665" 1706 26 17 3
"666" 1708 14 11 2
"667" 1709 19 10 4
"668" 1710 20 13 1
"669" 1713 22 16 2
"670" 1720 14 10 2
"671" 1725 23 16 1
"672" 1727 23 15 2
"673" 1731 26 13 3
"674" 1733 16 10 2
"675" 1741 21 12 2
"676" 1743 17 12 1
"677" 1745 15 11 1
"678" 1746 29 19 2
"679" 1749 21 17 1
"680" 1750 24 12 3
"681" 1751 16 12 1
"682" 1758 17 11 1
"683" 1761 19 11 3
"684" 1763 23 19 1
"685" 1765 15 12 1
"686" 1766 16 11 4
"687" 1772 19 11 2
"688" 1773 22 14 3
"689" 1776 23 12 2
"690" 1778 18 11 2
"691" 1780 25 14 2
"692" 1783 18 11 1
"693" 1786 31 21 3
"694" 1787 23 14 4
"695" 1793 22 15 3
"696" 1795 19 10 1
"697" 1796 16 10 3
"698" 1798 15 10 1
"699" 1800 27 19 2
"700" 1802 20 12 1
"701" 1803 30 19 3
"702" 1807 19 15 1
"703" 1816 21 12 1
"704" 1820 19 16 1
"705" 1822 20 12 3
"706" 1823 23 12 1
"707" 1824 22 16 2
"708" 1825 22 14 2
"709" 1826 24 12 2
"710" 1827 22 14 1
"711" 1830 18 14 1
"712" 1833 24 15 1
"713" 1835 23 13 3
"714" 1840 17 12 1
"715" 1842 23 18 3
"716" 1843 20 13 1
"717" 1846 18 11 2
"718" 1848 20 12 4
"719" 1853 20 13 3
"720" 1855 17 10 2
"721" 1861 17 11 1
"722" 1863 18 12 1
"723" 1864 23 14 3
"724" 1868 17 10 1
"725" 1870 21 15 2
"726" 1871 14 10 2
"727" 1873 26 16 2
"728" 1874 22 15 2
"729" 1876 25 13 4
"730" 1879 20 14 3
"731" 1882 19 13 2
"732" 1883 18 11 2
"733" 1887 22 14 1
"734" 1890 21 12 1
"735" 1898 21 12 4
"736" 1902 15 11 2
"737" 1907 17 10 2
"738" 1910 16 10 3
"739" 1912 20 11 2
"740" 1914 18 12 1
"741" 1916 20 12 1
"742" 1919 19 13 3
"743" 1921 19 12 2
"744" 1925 19 13 1
"745" 1926 22 11 1
"746" 1928 18 11 1
"747" 1929 20 15 4
"748" 1931 16 11 1
"749" 1938 20 13 1
"750" 1941 19 12 2
"751" 1943 22 15 1
"752" 1946 17 10 3
"753" 1948 19 12 2
"754" 1953 18 10 3
"755" 1955 18 14 2
"756" 1956 24 14 5
"757" 1963 20 14 1
"758" 1965 16 11 1
"759" 1967 28 17 1
"760" 1974 22 13 4
"761" 1978 18 10 3
"762" 1981 24 15 3
"763" 1982 21 15 1
"764" 1983 19 10 2
"765" 1985 22 11 4
"766" 1986 15 10 1
"767" 1987 21 16 1
"768" 1988 19 11 3
"769" 1993 21 12 4
"770" 1994 19 10 2
"771" 1997 22 13 2
"772" 1998 21 11 5
"773" 2003 17 11 1
"774" 2004 20 15 1
"775" 2007 18 10 3
"776" 2008 21 18 1
"777" 2009 19 11 2
"778" 2012 19 10 2
"779" 2013 20 13 3
"780" 2017 15 10 1
"781" 2018 23 15 4
"782" 2019 17 13 1
"783" 2021 15 11 2
"784" 2023 21 12 2
"785" 2024 18 11 3
"786" 2025 17 12 1
"787" 2028 18 11 3
"788" 2029 22 14 1
"789" 2030 20 14 1
"790" 2032 19 10 1
"791" 2034 22 15 1
"792" 2037 18 11 1
"793" 2039 21 15 1
"794" 2040 16 11 2
"795" 2046 20 10 2
"796" 2053 24 13 1
"797" 2054 23 12 2
"798" 2055 21 10 2
"799" 2059 29 19 1
"800" 2060 18 11 1
"801" 2065 17 11 2
"802" 2066 23 18 3
"803" 2069 22 10 4
"804" 2073 18 12 1
"805" 2075 17 13 2
"806" 2077 21 11 2
"807" 2078 17 10 2
"808" 2080 14 10 1
"809" 2085 19 12 3
"810" 2086 17 10 1
"811" 2087 19 14 2
"812" 2088 19 12 3
"813" 2089 21 12 2
"814" 2090 18 15 2
"815" 2091 18 12 3
"816" 2095 20 11 2
"817" 2096 23 17 1
"818" 2103 12 10 2
"819" 2104 24 14 4
"820" 2106 19 12 1
"821" 2107 23 16 1
"822" 2108 19 11 1
"823" 2109 24 13 2
"824" 2110 16 11 2
"825" 2112 27 17 2
"826" 2114 27 18 3
"827" 2115 22 14 2
"828" 2116 15 10 2
"829" 2118 21 12 3
"830" 2123 19 11 2
"831" 2125 18 13 2
"832" 2126 17 12 2
"833" 2131 19 13 1
"834" 2132 12 10 1
"835" 2133 20 12 3
"836" 2134 21 16 2
"837" 2136 17 14 1
"838" 2137 14 10 3
"839" 2143 23 18 2
"840" 2145 16 10 4
"841" 2148 19 10 1
"842" 2149 20 13 3
"843" 2150 17 10 3
"844" 2151 18 11 1
"845" 2152 18 12 2
"846" 2153 12 10 1
"847" 2156 20 11 2
"848" 2159 24 15 2
"849" 2163 14 10 1
"850" 2166 18 10 4
"851" 2170 16 10 4
"852" 2181 19 13 2
"853" 2186 17 11 1
"854" 2187 17 13 1
"855" 2193 21 13 1
"856" 2194 20 13 1
"857" 2198 18 12 1
"858" 2200 19 11 4
"859" 2201 21 11 2
"860" 2204 20 14 1
"861" 2205 22 13 2
"862" 2206 20 11 3
"863" 2210 28 18 1
"864" 2211 18 13 1
"865" 2213 20 10 2
"866" 2214 21 14 2
"867" 2216 21 14 3
"868" 2219 16 12 1
"869" 2221 16 11 1
"870" 2226 23 13 1
"871" 2236 16 10 1
"872" 2237 18 10 1
"873" 2243 19 12 3
"874" 2244 17 12 1
"875" 2245 17 11 2
"876" 2247 19 11 1
"877" 2249 14 10 2
"878" 2251 16 10 1
"879" 2252 20 14 3
"880" 2254 19 12 2
"881" 2255 21 14 2
"882" 2256 18 11 2
"883" 2257 18 10 2
"884" 2266 19 13 1
"885" 2268 19 11 1
"886" 2269 18 11 1
"887" 2272 30 16 3
"888" 2274 25 15 1
"889" 2275 17 10 2
"890" 2277 15 11 1
"891" 2278 21 12 1
"892" 2281 21 16 1
"893" 2282 20 12 1
"894" 2284 18 14 1
"895" 2288 23 17 1
"896" 2289 20 13 2
"897" 2290 21 16 1
"898" 2294 24 15 5
"899" 2295 24 15 3
"900" 2298 23 17 2
"901" 2299 14 10 2
"902" 2305 20 15 2
"903" 2308 23 14 2
"904" 2311 20 11 3
"905" 2312 18 14 1
"906" 2315 27 18 2
"907" 2320 19 13 1
"908" 2323 26 11 2
"909" 2325 18 11 1
"910" 2334 19 10 3
"911" 2338 17 12 2
"912" 2341 21 11 3
"913" 2350 23 12 4
"914" 2352 22 18 1
"915" 2359 16 10 1
"916" 2364 25 15 2
"917" 2365 20 13 2
"918" 2373 24 16 2
"919" 2375 24 14 2
"920" 2377 13 10 2
"921" 2378 23 12 3
"922" 2381 23 13 2
"923" 2387 24 16 2
"924" 2388 21 14 1
"925" 2391 27 19 1
"926" 2392 17 13 2
"927" 2393 20 11 2
"928" 2396 21 10 5
"929" 2397 20 12 3
"930" 2407 21 12 2
"931" 2408 22 13 4
"932" 2409 23 14 1
"933" 2412 19 11 3
"934" 2415 20 11 1
"935" 2416 20 12 1
"936" 2418 22 16 2
"937" 2420 20 14 4
"938" 2421 21 10 3
"939" 2422 21 12 3
"940" 2423 20 12 2
"941" 2433 22 15 1
"942" 2434 24 14 2
"943" 2436 21 14 1
"944" 2441 18 12 3
"945" 2445 24 12 2
"946" 2447 15 10 2
"947" 2448 20 10 4
"948" 2449 21 15 1
"949" 2450 19 11 1
"950" 2451 24 18 2
"951" 2457 19 13 2
"952" 2458 17 13 1
"953" 2459 21 12 3
"954" 2461 21 13 3
"955" 2465 18 10 2
"956" 2470 14 10 3
"957" 2475 21 11 3
"958" 2477 16 13 1
"959" 2480 20 13 1
"960" 2483 17 12 1
"961" 2485 21 12 2
"962" 2492 21 13 2
"963" 2495 20 11 1
"964" 2497 18 12 2
"965" 2498 16 12 2
"966" 2499 17 10 1
"967" 2505 16 11 1
"968" 2506 20 13 2
"969" 2512 20 12 2
"970" 2513 15 12 1
"971" 2514 16 12 2
"972" 2516 22 15 2
"973" 2517 21 11 3
"974" 2518 22 15 3
"975" 2519 20 10 3
"976" 2527 19 14 1
"977" 2530 18 12 3
"978" 2531 20 12 2
"979" 2534 15 10 1
"980" 2538 21 13 2
"981" 2539 29 20 1
"982" 2541 20 15 1
"983" 2542 25 17 2
"984" 2544 20 12 3
"985" 2545 19 11 2
"986" 2546 19 12 2
"987" 2551 19 12 2
"988" 2553 15 12 2
"989" 2558 18 13 3
"990" 2561 31 20 2
"991" 2562 21 13 1
"992" 2563 19 10 1
"993" 2565 17 10 3
"994" 2570 28 21 1
"995" 2571 26 18 5
"996" 2576 18 14 1
"997" 2577 23 14 2
"998" 2578 17 11 1
"999" 2580 24 16 4
"1000" 2581 25 17 2
"1001" 2589 20 12 2
"1002" 2597 19 11 3
"1003" 2599 15 10 1
"1004" 2600 21 16 3
"1005" 2602 22 11 2
"1006" 2604 16 12 1
"1007" 2609 16 12 2
"1008" 2610 17 10 1
"1009" 2612 19 13 1
"1010" 2615 19 12 1
"1011" 2617 15 10 3
"1012" 2620 18 12 2
"1013" 2621 16 10 2
"1014" 2622 21 11 2
"1015" 2626 20 14 1
"1016" 2629 19 13 1
"1017" 2633 17 11 2
"1018" 2635 16 10 2
"1019" 2636 19 10 4
"1020" 2637 17 11 1
"1021" 2640 21 10 4
"1022" 2643 16 10 2
"1023" 2644 17 12 2
"1024" 2647 24 17 2
"1025" 2648 21 13 2
"1026" 2650 16 11 1
"1027" 2651 17 11 2
"1028" 2653 15 10 2
"1029" 2658 20 16 1
"1030" 2661 17 12 1
"1031" 2663 28 19 1
"1032" 2665 16 10 1
"1033" 2667 23 14 2
"1034" 2668 18 12 2
"1035" 2671 17 11 1
"1036" 2673 22 12 2
"1037" 2676 19 15 1
"1038" 2680 21 13 2
"1039" 2682 18 12 1
"1040" 2689 21 14 4
"1041" 2691 23 15 3
"1042" 2695 17 10 2
"1043" 2697 16 12 3
"1044" 2700 20 11 2
"1045" 2704 20 12 2
"1046" 2706 21 13 2
"1047" 2707 19 12 2
"1048" 2708 26 13 2
"1049" 2710 18 11 1
"1050" 2711 19 11 3
"1051" 2716 15 11 1
"1052" 2721 16 10 1
"1053" 2723 20 15 2
"1054" 2731 20 13 3
"1055" 2732 26 19 2
"1056" 2735 25 18 2
"1057" 2737 23 15 1
"1058" 2738 21 11 3
"1059" 2740 17 11 1
"1060" 2742 22 14 1
"1061" 2746 18 10 4
"1062" 2747 17 12 2
"1063" 2749 21 14 2
"1064" 2753 20 13 2
"1065" 2754 26 21 2
"1066" 2755 18 10 2
"1067" 2761 19 14 1
"1068" 2762 25 18 2
"1069" 2771 19 11 5
"1070" 2776 22 11 1
"1071" 2778 18 11 1
"1072" 2780 21 15 1
"1073" 2785 21 14 2
"1074" 2788 19 13 1
"1075" 2789 16 10 2
"1076" 2791 23 13 1
"1077" 2795 20 12 4
"1078" 2796 18 10 1
"1079" 2797 26 18 2
"1080" 2798 18 13 1
"1081" 2800 17 10 1
"1082" 2806 21 13 2
"1083" 2808 25 11 4
"1084" 2809 22 10 2
"1085" 2812 27 19 3
"1086" 2813 17 11 3
"1087" 2817 18 10 1
"1088" 2819 19 14 2
"1089" 2822 16 10 2
"1090" 2825 27 20 3
"1091" 2826 23 16 3
"1092" 2827 21 16 2
"1093" 2829 24 14 3
"1094" 2830 17 10 1
"1095" 2839 15 11 3
"1096" 2842 21 17 1
"1097" 2843 18 12 4
"1098" 2844 19 12 1
"1099" 2854 16 10 2
"1100" 2861 18 11 2
"1101" 2863 23 12 2
"1102" 2864 19 10 2
"1103" 2867 13 10 2
"1104" 2869 18 10 2
"1105" 2871 13 10 2
"1106" 2872 20 12 2
"1107" 2874 15 10 1
"1108" 2885 15 12 2
"1109" 2889 22 13 4
"1110" 2894 18 11 1
"1111" 2898 25 16 1
"1112" 2900 16 12 2
"1113" 2901 18 13 2
"1114" 2904 27 19 2
"1115" 2907 15 11 1
"1116" 2908 23 14 2
"1117" 2910 20 11 2
"1118" 2912 19 14 2
"1119" 2917 16 11 1
"1120" 2919 24 11 1
"1121" 2921 14 11 1
"1122" 2924 18 12 1
"1123" 2927 18 11 2
"1124" 2929 19 15 3
"1125" 2930 22 14 2
"1126" 2932 23 17 2
"1127" 2934 16 10 1
"1128" 2939 16 10 1
"1129" 2943 16 11 2
"1130" 2945 19 11 2
"1131" 2947 23 18 3
"1132" 2949 23 13 1
"1133" 2950 21 11 1
"1134" 2953 20 12 1
"1135" 2958 16 10 2
"1136" 2960 19 11 3
"1137" 2962 15 11 2
"1138" 2963 21 10 4
"1139" 2964 17 11 3
"1140" 2965 17 11 3
"1141" 2967 13 11 1
"1142" 2969 18 13 2
"1143" 2971 19 11 2
"1144" 2972 22 13 3
"1145" 2978 20 14 2
"1146" 2981 23 15 1
"1147" 2982 17 11 1
"1148" 2983 20 11 1
"1149" 2984 20 12 2
"1150" 2987 19 12 1
"1151" 2999 13 10 3
"1152" 3000 16 10 4
