SKAT 0.00229231256351436 0.00229231256351436 0.00229231256351392 0.00229231256351414 0.0109006598671995
GTSM 0 0 0 0.044 0.002
MDMR 0.002 0.004 0.028 0 0.128
SKAT 0.00229231256351436 0.00229231256351436 0.00229231256351392 0.00229231256351414 0.0109006598671995
GTSM 0 0 0 0.046 0.004
MDMR 0.002 0.002 0.046 0.002 0.08
SKAT 0.00229231256351436 0.00229231256351436 0.00229231256351392 0.00229231256351414 0.0109006598671995
GTSM 0 0 0 0.048 0
MDMR 0 0.002 0.02 0.002 0.106
SKAT 0.00229231256351436 0.00229231256351436 0.00229231256351392 0.00229231256351414 0.0109006598671995
GTSM 0 0 0 0.054 0.002
MDMR 0.002 0.004 0.03 0 0.1
SKAT 0.00229231256351436 0.00229231256351436 0.00229231256351392 0.00229231256351414 0.0109006598671995
GTSM 0 0 0 0.036 0.01
MDMR 0.002 0 0.034 0 0.092
SKAT 0.00229231256351436 0.00229231256351436 0.00229231256351392 0.00229231256351414 0.0109006598671995
GTSM 0 0 0 0.044 0.004
MDMR 0.002 0.004 0.022 0 0.102
SKAT 0.00229231256351436 0.00229231256351436 0.00229231256351392 0.00229231256351414 0.0109006598671995
GTSM 0 0 0 0.054 0.004
MDMR 0 0.004 0.026 0 0.112
SKAT 0.00229231256351436 0.00229231256351436 0.00229231256351392 0.00229231256351414 0.0109006598671995
GTSM 0 0 0 0.048 0.004
MDMR 0 0.002 0.032 0 0.09
SKAT 0.00229231256351436 0.00229231256351436 0.00229231256351392 0.00229231256351414 0.0109006598671995
GTSM 0 0 0 0.052 0.002
MDMR 0 0 0.026 0 0.086
SKAT 0.00229231256351436 0.00229231256351436 0.00229231256351392 0.00229231256351414 0.0109006598671995
GTSM 0 0 0 0.026 0.004
MDMR 0 0 0.038 0 0.122
SKAT 0.00229231256351436 0.00229231256351436 0.00229231256351392 0.00229231256351414 0.0109006598671995
GTSM 0 0 0 0.036 0
MDMR 0.002 0 0.012 0 0.112
SKAT 0.00229231256351436 0.00229231256351436 0.00229231256351392 0.00229231256351414 0.0109006598671995
GTSM 0 0 0 0.054 0.002
MDMR 0 0.002 0.036 0 0.082
SKAT 0.00229231256351436 0.00229231256351436 0.00229231256351392 0.00229231256351414 0.0109006598671995
GTSM 0 0 0 0.046 0.002
MDMR 0 0.006 0.028 0 0.084
SKAT 0.00229231256351436 0.00229231256351436 0.00229231256351392 0.00229231256351414 0.0109006598671995
GTSM 0 0 0 0.038 0
MDMR 0 0.002 0.026 0 0.11
SKAT 0.00229231256351436 0.00229231256351436 0.00229231256351392 0.00229231256351414 0.0109006598671995
GTSM 0 0 0 0.058 0.002
MDMR 0 0 0.03 0.002 0.114
SKAT 0.00206304769771448 0.00206304769771448 0.00206304769771481 0.00206304769771448 0.0119164814903761
GTSM 0 0 0 0.03 0.002
MDMR 0 0 0.02 0 0.106
SKAT 0.00337971483901378 0.00337971483901378 0.003379714839014 0.003379714839014 0.017814945724844
GTSM 0 0 0 0.02 0.01
MDMR 0.002 0.002 0.018 0 0.124
SKAT 0.00377676594800325 0.00377676594800325 0.00377676594800336 0.0037767659480028 0.0193147609784758
GTSM 0 0 0 0.032 0.006
MDMR 0.002 0.002 0.012 0 0.166
SKAT 9.97103628406215e-05 9.97103628406215e-05 9.97103628407325e-05 9.97103628408436e-05 0.0276062898712354
GTSM 0 0 0 0 0.02
MDMR 0 0 0.004 0 0.156
SKAT 4.64519330996005e-05 4.64519330996005e-05 4.64519330990454e-05 4.64519330991564e-05 0.0172282869492866
GTSM 0 0 0 0 0.014
MDMR 0 0 0.002 0 0.136
SKAT 3.33448297122896e-05 3.33448297122896e-05 3.33448297118455e-05 3.33448297117345e-05 0.0168815051171511
GTSM 0 0 0 0 0.016
MDMR 0 0 0.002 0 0.166
SKAT 2.27887457879827e-05 2.27887457879827e-05 2.27887457877607e-05 2.27887457879827e-05 0.0208724089136051
GTSM 0 0 0 0 0.012
MDMR 0 0 0 0 0.114
SKAT 2.38991181846782e-05 2.38991181846782e-05 2.3899118184123e-05 2.38991181842341e-05 0.0206890799715642
GTSM 0 0 0 0 0.016
MDMR 0 0 0 0 0.122
SKAT 2.34186928338431e-05 2.34186928338431e-05 2.34186928336211e-05 2.34186928329549e-05 0.0196262482195935
GTSM 0 0 0 0 0.006
MDMR 0 0 0 0 0.138
SKAT 2.34186928338431e-05 2.34186928338431e-05 2.34186928336211e-05 2.34186928329549e-05 0.0196262482195935
GTSM 0 0 0 0 0.012
MDMR 0 0 0 0 0.142
SKAT 2.33653741006368e-05 2.33653741006368e-05 2.33653741004147e-05 2.33653741006368e-05 0.0171271648953228
GTSM 0 0 0 0 0.008
MDMR 0 0 0 0 0.146
SKAT 2.43567787853172e-05 2.43567787853172e-05 2.43567787847621e-05 2.43567787856502e-05 0.0440284006851277
GTSM 0 0 0 0 0.064
MDMR 0 0 0 0 0.246
SKAT 2.43567787853172e-05 2.43567787853172e-05 2.43567787847621e-05 2.43567787856502e-05 0.0440284006851277
GTSM 0 0 0 0 0.058
MDMR 0 0 0 0 0.262
SKAT 4.703141166984e-05 4.703141166984e-05 4.703141166984e-05 4.70314116700621e-05 0.133086410303235
GTSM 0 0 0 0 0.382
MDMR 0 0 0 0 0.322
SKAT 3.79465989215344e-05 3.79465989215344e-05 3.79465989214234e-05 3.79465989213124e-05 0.118921073377056
GTSM 0 0 0 0 0.288
MDMR 0 0 0 0 0.288
SKAT 2.00888426113988e-05 2.00888426113988e-05 2.00888426107326e-05 2.00888426109547e-05 0.104395167170791
GTSM 0 0 0 0 0.258
MDMR 0 0 0 0 0.272
SKAT 2.03252627964945e-05 2.03252627964945e-05 2.03252627961614e-05 2.03252627966055e-05 0.0805245749774045
GTSM 0 0 0 0 0.178
MDMR 0 0 0 0 0.264
SKAT 2.04412782978114e-05 2.04412782978114e-05 2.04412782980334e-05 2.04412782981445e-05 0.142398377271794
GTSM 0 0 0 0 0.452
MDMR 0 0 0 0 0.36
SKAT 2.41353525110011e-05 2.41353525110011e-05 2.41353525112231e-05 2.41353525113341e-05 0.14159689020223
GTSM 0 0 0 0 0.426
MDMR 0 0 0 0 0.332
SKAT 7.74647034764708e-05 7.74647034764708e-05 7.74647034769149e-05 7.74647034764708e-05 0.150545595099618
GTSM 0 0 0 0 0.42
MDMR 0 0 0.002 0 0.39
SKAT 0.000136497213021336 0.000136497213021336 0.000136497213021447 0.000136497213022113 0.175438937081506
GTSM 0 0 0 0 0.584
MDMR 0 0 0 0 0.394
SKAT 0.000187757196947302 0.000187757196947302 0.000187757196947747 0.000187757196947302 0.196186819802006
GTSM 0 0 0 0 0.638
MDMR 0 0 0 0 0.38
SKAT 0.000402092701699219 0.000402092701699219 0.000402092701699219 0.00040209270169933 0.182609622550804
GTSM 0 0 0 0.002 0.576
MDMR 0 0 0.012 0 0.302
SKAT 0.000402092701699219 0.000402092701699219 0.000402092701699219 0.00040209270169933 0.182609622550804
GTSM 0 0 0 0 0.59
MDMR 0 0 0.006 0 0.358
SKAT 0.000402092701699219 0.000402092701699219 0.000402092701699219 0.00040209270169933 0.182609622550804
GTSM 0 0 0 0 0.6
MDMR 0 0.002 0.004 0 0.358
SKAT 0.000661871268774927 0.000661871268774927 0.000661871268774705 0.000661871268774816 0.181510363436476
GTSM 0 0 0 0 0.618
MDMR 0 0 0.006 0 0.35
SKAT 0.00126739401139808 0.00126739401139808 0.0012673940113983 0.00126739401139819 0.207491089446764
GTSM 0 0 0 0 0.706
MDMR 0.002 0 0.01 0.002 0.354
SKAT 0.00147289094194158 0.00147289094194158 0.00147289094194158 0.00147289094194158 0.192092307097474
GTSM 0 0 0 0.004 0.648
MDMR 0.002 0 0.01 0 0.284
SKAT 0.00162003023546897 0.00162003023546897 0.00162003023546875 0.00162003023546897 0.188035540490055
GTSM 0 0 0 0.002 0.638
MDMR 0 0.008 0.008 0.004 0.266
SKAT 0.00164446092753834 0.00164446092753834 0.00164446092753812 0.00164446092753834 0.201833521952677
GTSM 0 0 0 0.002 0.67
MDMR 0.004 0 0.008 0 0.25
SKAT 0.00152662225244149 0.00152662225244149 0.00152662225244138 0.00152662225244182 0.20114724686932
GTSM 0 0 0 0.002 0.678
MDMR 0 0.002 0.006 0 0.31
SKAT 0.0020867629206075 0.0020867629206075 0.00208676292060739 0.00208676292060761 0.216298742908815
GTSM 0 0 0 0.006 0.71
MDMR 0 0.002 0.006 0 0.29
SKAT 0.00139636793909959 0.00139636793909959 0.00139636793909914 0.00139636793909925 0.0994137190843358
GTSM 0 0 0 0.012 0.264
MDMR 0.004 0.002 0.012 0 0.2
SKAT 0.00137803828364835 0.00137803828364835 0.00137803828364857 0.0013780382836488 0.0761311606831496
GTSM 0 0 0 0.002 0.126
MDMR 0.002 0.002 0.014 0.004 0.156
SKAT 0.00129667297079639 0.00129667297079639 0.00129667297079616 0.00129667297079605 0.0671973432171052
GTSM 0 0 0 0.008 0.118
MDMR 0 0 0.002 0 0.172
SKAT 0.000835589756127075 0.000835589756127075 0.000835589756127297 0.000835589756127408 0.0528116858712324
GTSM 0 0 0 0.006 0.06
MDMR 0 0 0.004 0.002 0.158
SKAT 0.000942392051692109 0.000942392051692109 0.000942392051691998 0.000942392051691776 0.0527398356445091
GTSM 0 0 0 0.004 0.076
MDMR 0 0.004 0.014 0.002 0.2
SKAT 0.000888846131713694 0.000888846131713694 0.000888846131713805 0.000888846131713472 0.0527813573248508
GTSM 0 0 0 0.002 0.062
MDMR 0.002 0.002 0.014 0.002 0.178
SKAT 0.000675087975007149 0.000675087975007149 0.000675087975007038 0.000675087975007038 0.0340744191777171
GTSM 0 0 0 0.004 0.024
MDMR 0 0.002 0.006 0.002 0.18
SKAT 0.000591992534047847 0.000591992534047847 0.000591992534047403 0.000591992534047847 0.034073902029863
GTSM 0 0 0 0.002 0.03
MDMR 0 0 0.002 0 0.146
SKAT 0.000602148913583456 0.000602148913583456 0.000602148913583678 0.000602148913583678 0.0340577876338746
GTSM 0 0 0 0.002 0.028
MDMR 0 0 0.01 0 0.156
SKAT 0.000488723728060192 0.000488723728060192 0.000488723728060303 0.000488723728060414 0.0342011882097543
GTSM 0 0 0 0.002 0.022
MDMR 0 0 0.006 0 0.156
SKAT 0.000335204247709164 0.000335204247709164 0.000335204247709275 0.000335204247709386 0.0170889632321232
GTSM 0 0 0 0 0.002
MDMR 0 0 0.002 0 0.122
SKAT 7.00329850777948e-05 7.00329850777948e-05 7.00329850781278e-05 7.00329850779058e-05 0.0173496699309705
GTSM 0 0 0 0 0.002
MDMR 0 0 0.002 0 0.118
SKAT 3.1840701273711e-05 3.1840701273711e-05 3.1840701273711e-05 3.18407012729338e-05 0.0173634639552541
GTSM 0 0 0 0 0.002
MDMR 0 0 0 0 0.114
SKAT 2.63610961935834e-05 2.63610961935834e-05 2.63610961934724e-05 2.63610961950267e-05 0.000269152266296535
GTSM 0 0 0 0 0
MDMR 0 0 0 0 0
SKAT 1.64400910387386e-05 1.64400910387386e-05 1.64400910394047e-05 1.64400910389606e-05 0.000271799397521533
GTSM 0 0 0 0 0
MDMR 0 0 0 0 0.004
SKAT 1.64400910387386e-05 1.64400910387386e-05 1.64400910394047e-05 1.64400910389606e-05 0.000271799397521533
GTSM 0 0 0 0 0
MDMR 0 0 0 0 0.006
SKAT 2.30492309971631e-05 2.30492309971631e-05 2.30492309977182e-05 2.30492309973851e-05 2.8208872381863e-05
GTSM 0 0 0 0 0
MDMR 0 0 0 0 0
SKAT 6.25016766004904e-05 6.25016766004904e-05 6.25016765998243e-05 6.25016766000464e-05 0.0010425384713042
GTSM 0 0 0 0 0
MDMR 0 0 0 0 0.008
SKAT 8.99312960735976e-05 8.99312960735976e-05 8.99312960732646e-05 8.99312960740417e-05 0.000843748392542421
GTSM 0 0 0 0 0
MDMR 0 0 0.004 0 0.012
SKAT 8.99312960735976e-05 8.99312960735976e-05 8.99312960732646e-05 8.99312960740417e-05 0.000843748392542421
GTSM 0 0 0 0 0
MDMR 0 0 0 0 0.012
SKAT 0.00015306836808171 0.00015306836808171 0.000153068368081932 0.000153068368081932 0.000946344660092802
GTSM 0 0 0 0 0
MDMR 0 0 0 0 0.002
SKAT 0.00015306836808171 0.00015306836808171 0.000153068368081932 0.000153068368081932 0.000946344660092802
GTSM 0 0 0 0 0
MDMR 0 0 0 0 0.002
SKAT 0.00015306836808171 0.00015306836808171 0.000153068368081932 0.000153068368081932 0.000946344660092802
GTSM 0 0 0 0 0
MDMR 0 0 0 0 0.002
SKAT 0.00015306836808171 0.00015306836808171 0.000153068368081932 0.000153068368081932 0.000946344660092802
GTSM 0 0 0 0 0
MDMR 0 0 0 0.002 0.002
SKAT 0.00015306836808171 0.00015306836808171 0.000153068368081932 0.000153068368081932 0.000946344660092802
GTSM 0 0 0 0 0
MDMR 0 0 0 0 0.004
SKAT 0.00015306836808171 0.00015306836808171 0.000153068368081932 0.000153068368081932 0.000946344660092802
GTSM 0 0 0 0 0
MDMR 0 0 0 0 0.01
SKAT 0.00015306836808171 0.00015306836808171 0.000153068368081932 0.000153068368081932 0.000946344660092802
GTSM 0 0 0 0 0
MDMR 0 0 0 0 0.004
SKAT 0.00015306836808171 0.00015306836808171 0.000153068368081932 0.000153068368081932 0.000946344660092802
GTSM 0 0 0 0 0
MDMR 0 0 0.002 0 0.008
SKAT 0.00015306836808171 0.00015306836808171 0.000153068368081932 0.000153068368081932 0.000946344660092802
GTSM 0 0 0 0 0
MDMR 0 0 0 0 0.008
SKAT 0.00015306836808171 0.00015306836808171 0.000153068368081932 0.000153068368081932 0.000946344660092802
GTSM 0 0 0 0 0
MDMR 0 0 0 0 0.004
SKAT 0.00015306836808171 0.00015306836808171 0.000153068368081932 0.000153068368081932 0.000946344660092802
GTSM 0 0 0 0 0
MDMR 0.002 0 0.002 0 0.004
SKAT 0.00015306836808171 0.00015306836808171 0.000153068368081932 0.000153068368081932 0.000946344660092802
GTSM 0 0 0 0 0
MDMR 0 0 0 0 0.002
SKAT 0.00015306836808171 0.00015306836808171 0.000153068368081932 0.000153068368081932 0.000946344660092802
GTSM 0 0 0 0 0
MDMR 0 0 0 0 0.002
SKAT 0.00015306836808171 0.00015306836808171 0.000153068368081932 0.000153068368081932 0.000946344660092802
GTSM 0 0 0 0 0
MDMR 0 0 0 0 0
SKAT 0.00015306836808171 0.00015306836808171 0.000153068368081932 0.000153068368081932 0.000946344660092802
GTSM 0 0 0 0 0
MDMR 0.002 0 0.002 0 0.006
SKAT 0.00015306836808171 0.00015306836808171 0.000153068368081932 0.000153068368081932 0.000946344660092802
GTSM 0 0 0 0 0
MDMR 0 0 0 0 0.002
SKAT 0.00015306836808171 0.00015306836808171 0.000153068368081932 0.000153068368081932 0.000946344660092802
GTSM 0 0 0 0 0
MDMR 0 0 0 0 0.002
SKAT 0.00015306836808171 0.00015306836808171 0.000153068368081932 0.000153068368081932 0.000946344660092802
GTSM 0 0 0 0 0
MDMR 0 0 0.002 0 0.006
SKAT 0.00015306836808171 0.00015306836808171 0.000153068368081932 0.000153068368081932 0.000946344660092802
GTSM 0 0 0 0 0
MDMR 0 0 0.004 0 0.008
SKAT 0.00015306836808171 0.00015306836808171 0.000153068368081932 0.000153068368081932 0.000946344660092802
GTSM 0 0 0 0 0
MDMR 0.002 0 0 0 0.002
SKAT 0.00015306836808171 0.00015306836808171 0.000153068368081932 0.000153068368081932 0.000946344660092802
GTSM 0 0 0 0 0
MDMR 0 0 0 0 0.006
SKAT 0.00015306836808171 0.00015306836808171 0.000153068368081932 0.000153068368081932 0.000946344660092802
GTSM 0 0 0 0 0
MDMR 0 0 0 0 0.004
SKAT 0.00015306836808171 0.00015306836808171 0.000153068368081932 0.000153068368081932 0.000946344660092802
GTSM 0 0 0 0 0
MDMR 0 0 0 0 0.004
SKAT 0.00015306836808171 0.00015306836808171 0.000153068368081932 0.000153068368081932 0.000946344660092802
GTSM 0 0 0 0 0
MDMR 0 0 0 0 0.002
SKAT 0.00015306836808171 0.00015306836808171 0.000153068368081932 0.000153068368081932 0.000946344660092802
GTSM 0 0 0 0 0
MDMR 0 0 0.004 0 0.004
SKAT 0.00015306836808171 0.00015306836808171 0.000153068368081932 0.000153068368081932 0.000946344660092802
GTSM 0 0 0 0 0
MDMR 0 0 0 0 0.008
SKAT 0.00015306836808171 0.00015306836808171 0.000153068368081932 0.000153068368081932 0.000946344660092802
GTSM 0 0 0 0 0
MDMR 0 0 0 0 0.012
SKAT 0.00015306836808171 0.00015306836808171 0.000153068368081932 0.000153068368081932 0.000946344660092802
GTSM 0 0 0 0 0
MDMR 0 0 0 0 0.004
SKAT 0.00015306836808171 0.00015306836808171 0.000153068368081932 0.000153068368081932 0.000946344660092802
GTSM 0 0 0 0 0
MDMR 0 0 0.002 0 0.004
SKAT 0.00015306836808171 0.00015306836808171 0.000153068368081932 0.000153068368081932 0.000946344660092802
GTSM 0 0 0 0 0
MDMR 0 0 0 0 0.002
SKAT 0.00015306836808171 0.00015306836808171 0.000153068368081932 0.000153068368081932 0.000946344660092802
GTSM 0 0 0 0 0
MDMR 0 0 0.002 0 0.004
SKAT 0.00015306836808171 0.00015306836808171 0.000153068368081932 0.000153068368081932 0.000946344660092802
GTSM 0 0 0 0 0
MDMR 0 0 0 0 0.004
SKAT 0.00015306836808171 0.00015306836808171 0.000153068368081932 0.000153068368081932 0.000946344660092802
GTSM 0 0 0 0 0
MDMR 0.002 0 0.002 0 0.006
